counter,datetime,timestamp,yaw_des,pitch_des,roll_des
0,2023-11-28 16:58:16.294265,1701187096.294265,0.0,0.0,0.0
1,2023-11-28 16:58:16.305472,1701187096.305472,0.0,0.0,0.0
2,2023-11-28 16:58:16.314675,1701187096.314675,0.0,0.0,0.0
3,2023-11-28 16:58:16.324363,1701187096.324363,0.0,0.0,0.0
4,2023-11-28 16:58:16.334348,1701187096.334348,0.0,0.0,0.0
5,2023-11-28 16:58:16.344367,1701187096.344367,0.0,0.0,0.0
6,2023-11-28 16:58:16.354343,1701187096.354343,0.0,0.0,0.0
7,2023-11-28 16:58:16.364348,1701187096.364348,0.0,0.0,0.0
8,2023-11-28 16:58:16.374365,1701187096.374365,0.0,0.0,0.0
9,2023-11-28 16:58:16.384808,1701187096.384808,0.0,0.0,0.0
10,2023-11-28 16:58:16.394358,1701187096.394358,0.0,0.0,0.0
11,2023-11-28 16:58:16.404347,1701187096.404347,0.0,0.0,0.0
12,2023-11-28 16:58:16.414356,1701187096.414356,0.0,0.0,0.0
13,2023-11-28 16:58:16.424354,1701187096.424354,0.0,0.0,0.0
14,2023-11-28 16:58:16.434365,1701187096.434365,0.0,0.0,0.0
15,2023-11-28 16:58:16.444354,1701187096.444354,0.0,0.0,0.0
16,2023-11-28 16:58:16.454351,1701187096.454351,0.0,0.0,0.0
17,2023-11-28 16:58:16.464401,1701187096.464401,0.0,0.0,0.0
18,2023-11-28 16:58:16.474346,1701187096.474346,0.0,0.0,0.0
19,2023-11-28 16:58:16.485565,1701187096.485565,0.0,0.0,0.0
20,2023-11-28 16:58:16.495312,1701187096.495312,0.0,0.0,0.0
21,2023-11-28 16:58:16.506829,1701187096.506829,0.0,0.0,0.0
22,2023-11-28 16:58:16.517238,1701187096.517238,0.0,0.0,0.0
23,2023-11-28 16:58:16.527086,1701187096.527086,0.0,0.0,0.0
24,2023-11-28 16:58:16.537738,1701187096.537738,0.0,0.0,0.0
25,2023-11-28 16:58:16.548491,1701187096.548491,0.0,0.0,0.0
26,2023-11-28 16:58:16.559321,1701187096.559321,0.0,0.0,0.0
27,2023-11-28 16:58:16.567455,1701187096.567455,0.0,0.0,0.0
28,2023-11-28 16:58:16.575805,1701187096.575805,0.0,0.0,0.0
29,2023-11-28 16:58:16.586232,1701187096.586232,0.0,0.0,0.0
30,2023-11-28 16:58:16.597624,1701187096.597624,0.0,0.0,0.0
31,2023-11-28 16:58:16.608972,1701187096.608972,0.0,0.0,0.0
32,2023-11-28 16:58:16.620025,1701187096.620025,0.0,0.0,0.0
33,2023-11-28 16:58:16.631089,1701187096.631089,0.0,0.0,0.0
34,2023-11-28 16:58:16.641917,1701187096.641917,0.0,0.0,0.0
35,2023-11-28 16:58:16.653486,1701187096.653486,0.0,0.0,0.0
36,2023-11-28 16:58:16.663943,1701187096.663943,0.0,0.0,0.0
37,2023-11-28 16:58:16.675487,1701187096.675487,0.0,0.0,0.0
38,2023-11-28 16:58:16.686634,1701187096.686634,0.0,0.0,0.0
39,2023-11-28 16:58:16.697934,1701187096.697934,0.0,0.0,0.0
40,2023-11-28 16:58:16.708848,1701187096.708848,0.0,0.0,0.0
41,2023-11-28 16:58:16.716845,1701187096.716845,0.0,0.0,0.0
42,2023-11-28 16:58:16.726963,1701187096.726963,0.0,0.0,0.0
43,2023-11-28 16:58:16.735736,1701187096.735736,0.0,0.0,0.0
44,2023-11-28 16:58:16.744529,1701187096.744529,0.0,0.0,0.0
45,2023-11-28 16:58:16.753450,1701187096.75345,0.0,0.0,0.0
46,2023-11-28 16:58:16.763474,1701187096.763474,0.0,0.0,0.0
47,2023-11-28 16:58:16.771426,1701187096.771426,0.0,0.0,0.0
48,2023-11-28 16:58:16.782210,1701187096.78221,0.0,0.0,0.0
49,2023-11-28 16:58:16.790182,1701187096.790182,0.0,0.0,0.0
50,2023-11-28 16:58:16.799516,1701187096.799516,0.0,0.0,0.0
51,2023-11-28 16:58:16.811048,1701187096.811048,0.0,0.0,0.0
52,2023-11-28 16:58:16.822253,1701187096.822253,0.0,0.0,0.0
53,2023-11-28 16:58:16.833915,1701187096.833915,0.0,0.0,0.0
54,2023-11-28 16:58:16.844395,1701187096.844395,0.0,0.0,0.0
55,2023-11-28 16:58:16.854164,1701187096.854164,0.0,0.0,0.0
56,2023-11-28 16:58:16.864842,1701187096.864842,0.0,0.0,0.0
57,2023-11-28 16:58:16.873494,1701187096.873494,0.0,0.0,0.0
58,2023-11-28 16:58:16.881489,1701187096.881489,0.0,0.0,0.0
59,2023-11-28 16:58:16.892454,1701187096.892454,0.0,0.0,0.0
60,2023-11-28 16:58:16.903294,1701187096.903294,0.0,0.0,0.0
61,2023-11-28 16:58:16.914516,1701187096.914516,0.0,0.0,0.0
62,2023-11-28 16:58:16.923705,1701187096.923705,0.0,0.0,0.0
63,2023-11-28 16:58:16.935069,1701187096.935069,0.0,0.0,0.0
64,2023-11-28 16:58:16.946641,1701187096.946641,0.0,0.0,0.0
65,2023-11-28 16:58:16.957288,1701187096.957288,0.0,0.0,0.0
66,2023-11-28 16:58:16.967999,1701187096.967999,0.0,0.0,0.0
67,2023-11-28 16:58:16.979673,1701187096.979673,0.0,0.0,0.0
68,2023-11-28 16:58:16.989548,1701187096.989548,0.0,0.0,0.0
69,2023-11-28 16:58:17.001093,1701187097.001093,0.0,0.0,0.0
70,2023-11-28 16:58:17.012699,1701187097.012699,0.0,0.0,0.0
71,2023-11-28 16:58:17.021068,1701187097.021068,0.0,0.0,0.0
72,2023-11-28 16:58:17.031564,1701187097.031564,0.0,0.0,0.0
73,2023-11-28 16:58:17.042267,1701187097.042267,0.0,0.0,0.0
74,2023-11-28 16:58:17.053318,1701187097.053318,0.0,0.0,0.0
75,2023-11-28 16:58:17.064715,1701187097.064715,0.0,0.0,0.0
76,2023-11-28 16:58:17.075226,1701187097.075226,0.0,0.0,0.0
77,2023-11-28 16:58:17.085393,1701187097.085393,0.0,0.0,0.0
78,2023-11-28 16:58:17.096897,1701187097.096897,0.0,0.0,0.0
79,2023-11-28 16:58:17.107850,1701187097.10785,0.0,0.0,0.0
80,2023-11-28 16:58:17.116109,1701187097.116109,0.0,0.0,0.0
81,2023-11-28 16:58:17.125789,1701187097.125789,0.0,0.0,0.0
82,2023-11-28 16:58:17.137255,1701187097.137255,0.0,0.0,0.0
83,2023-11-28 16:58:17.146053,1701187097.146053,0.0,0.0,0.0
84,2023-11-28 16:58:17.154930,1701187097.15493,0.0,0.0,0.0
85,2023-11-28 16:58:17.165088,1701187097.165088,0.0,0.0,0.0
86,2023-11-28 16:58:17.174783,1701187097.174783,0.0,0.0,0.0
87,2023-11-28 16:58:17.184779,1701187097.184779,0.0,0.0,0.0
88,2023-11-28 16:58:17.195681,1701187097.195681,0.0,0.0,0.0
89,2023-11-28 16:58:17.204828,1701187097.204828,0.0,0.0,0.0
90,2023-11-28 16:58:17.215628,1701187097.215628,0.0,0.0,0.0
91,2023-11-28 16:58:17.226924,1701187097.226924,0.0,0.0,0.0
92,2023-11-28 16:58:17.237545,1701187097.237545,0.0,0.0,0.0
93,2023-11-28 16:58:17.248291,1701187097.248291,0.0,0.0,0.0
94,2023-11-28 16:58:17.259793,1701187097.259793,0.0,0.0,0.0
95,2023-11-28 16:58:17.271309,1701187097.271309,0.0,0.0,0.0
96,2023-11-28 16:58:17.282475,1701187097.282475,0.0,0.0,0.0
97,2023-11-28 16:58:17.292853,1701187097.292853,0.0,0.0,0.0
98,2023-11-28 16:58:17.303838,1701187097.303838,0.0,0.0,0.0
99,2023-11-28 16:58:17.315251,1701187097.315251,0.0,0.0,0.0
100,2023-11-28 16:58:17.325910,1701187097.32591,0.0,0.0,0.0
101,2023-11-28 16:58:17.336425,1701187097.336425,0.0,0.0,0.0
102,2023-11-28 16:58:17.347604,1701187097.347604,0.0,0.0,0.0
103,2023-11-28 16:58:17.359032,1701187097.359032,0.0,0.0,0.0
104,2023-11-28 16:58:17.367889,1701187097.367889,0.0,0.0,0.0
105,2023-11-28 16:58:17.379608,1701187097.379608,0.0,0.0,0.0
106,2023-11-28 16:58:17.389710,1701187097.38971,0.0,0.0,0.0
107,2023-11-28 16:58:17.401296,1701187097.401296,0.0,0.0,0.0
108,2023-11-28 16:58:17.412927,1701187097.412927,0.0,0.0,0.0
109,2023-11-28 16:58:17.421330,1701187097.42133,0.0,0.0,0.0
110,2023-11-28 16:58:17.430784,1701187097.430784,0.0,0.0,0.0
111,2023-11-28 16:58:17.438775,1701187097.438775,0.0,0.0,0.0
112,2023-11-28 16:58:17.449150,1701187097.44915,0.0,0.0,0.0
113,2023-11-28 16:58:17.460938,1701187097.460938,0.0,0.0,0.0
114,2023-11-28 16:58:17.472380,1701187097.47238,0.0,0.0,0.0
115,2023-11-28 16:58:17.483853,1701187097.483853,0.0,0.0,0.0
116,2023-11-28 16:58:17.495097,1701187097.495097,0.0,0.0,0.0
117,2023-11-28 16:58:17.506569,1701187097.506569,0.0,0.0,0.0
118,2023-11-28 16:58:17.517981,1701187097.517981,0.0,0.0,0.0
119,2023-11-28 16:58:17.529290,1701187097.52929,0.0,0.0,0.0
120,2023-11-28 16:58:17.540125,1701187097.540125,0.0,0.0,0.0
121,2023-11-28 16:58:17.549246,1701187097.549246,0.0,0.0,0.0
122,2023-11-28 16:58:17.560537,1701187097.560537,0.0,0.0,0.0
123,2023-11-28 16:58:17.569587,1701187097.569587,0.0,0.0,0.0
124,2023-11-28 16:58:17.578269,1701187097.578269,0.0,0.0,0.0
125,2023-11-28 16:58:17.586758,1701187097.586758,0.0,0.0,0.0
126,2023-11-28 16:58:17.598207,1701187097.598207,0.0,0.0,0.0
127,2023-11-28 16:58:17.607027,1701187097.607027,0.0,0.0,0.0
128,2023-11-28 16:58:17.615206,1701187097.615206,0.0,0.0,0.0
129,2023-11-28 16:58:17.625166,1701187097.625166,0.0,0.0,0.0
130,2023-11-28 16:58:17.635210,1701187097.63521,0.0,0.0,0.0
131,2023-11-28 16:58:17.645221,1701187097.645221,0.0,0.0,0.0
132,2023-11-28 16:58:17.655202,1701187097.655202,0.0,0.0,0.0
133,2023-11-28 16:58:17.665226,1701187097.665226,0.0,0.0,0.0
134,2023-11-28 16:58:17.675174,1701187097.675174,0.0,0.0,0.0
135,2023-11-28 16:58:17.685512,1701187097.685512,0.0,0.0,0.0
136,2023-11-28 16:58:17.696009,1701187097.696009,0.0,0.0,0.0
137,2023-11-28 16:58:17.707142,1701187097.707142,0.0,0.0,0.0
138,2023-11-28 16:58:17.718455,1701187097.718455,0.0,0.0,0.0
139,2023-11-28 16:58:17.729757,1701187097.729757,0.0,0.0,0.0
140,2023-11-28 16:58:17.740230,1701187097.74023,0.0,0.0,0.0
141,2023-11-28 16:58:17.751603,1701187097.751603,0.0,0.0,0.0
142,2023-11-28 16:58:17.761660,1701187097.76166,0.0,0.0,0.0
143,2023-11-28 16:58:17.772246,1701187097.772246,0.0,0.0,0.0
144,2023-11-28 16:58:17.783481,1701187097.783481,0.0,0.0,0.0
145,2023-11-28 16:58:17.793547,1701187097.793547,0.0,0.0,0.0
146,2023-11-28 16:58:17.805112,1701187097.805112,0.0,0.0,0.0
147,2023-11-28 16:58:17.813582,1701187097.813582,0.0,0.0,0.0
148,2023-11-28 16:58:17.821743,1701187097.821743,0.0,0.0,0.0
149,2023-11-28 16:58:17.833089,1701187097.833089,0.0,0.0,0.0
150,2023-11-28 16:58:17.842740,1701187097.84274,0.0,0.0,0.0
151,2023-11-28 16:58:17.852898,1701187097.852898,0.0,0.0,0.0
152,2023-11-28 16:58:17.864480,1701187097.86448,0.0,0.0,0.0
153,2023-11-28 16:58:17.875124,1701187097.875124,0.0,0.0,0.0
154,2023-11-28 16:58:17.885279,1701187097.885279,0.0,0.0,0.0
155,2023-11-28 16:58:17.894780,1701187097.89478,0.0,0.0,0.0
156,2023-11-28 16:58:17.902663,1701187097.902663,0.0,0.0,0.0
157,2023-11-28 16:58:17.912589,1701187097.912589,0.0,0.0,0.0
158,2023-11-28 16:58:17.921189,1701187097.921189,0.0,0.0,0.0
159,2023-11-28 16:58:17.929079,1701187097.929079,0.0,0.0,0.0
160,2023-11-28 16:58:17.937342,1701187097.937342,0.0,0.0,0.0
161,2023-11-28 16:58:17.946266,1701187097.946266,0.0,0.0,0.0
162,2023-11-28 16:58:17.955155,1701187097.955155,0.0,0.0,0.0
163,2023-11-28 16:58:17.965206,1701187097.965206,0.0,0.0,0.0
164,2023-11-28 16:58:17.976069,1701187097.976069,0.0,0.0,0.0
165,2023-11-28 16:58:17.985861,1701187097.985861,0.0,0.0,0.0
166,2023-11-28 16:58:17.997290,1701187097.99729,0.0,0.0,0.0
167,2023-11-28 16:58:18.008424,1701187098.008424,0.0,0.0,0.0
168,2023-11-28 16:58:18.020006,1701187098.020006,0.0,0.0,0.0
169,2023-11-28 16:58:18.030418,1701187098.030418,0.0,0.0,0.0
170,2023-11-28 16:58:18.041520,1701187098.04152,0.0,0.0,0.0
171,2023-11-28 16:58:18.053282,1701187098.053282,0.0,0.0,0.0
172,2023-11-28 16:58:18.063924,1701187098.063924,0.0,0.0,0.0
173,2023-11-28 16:58:18.075185,1701187098.075185,0.0,0.0,0.0
174,2023-11-28 16:58:18.085314,1701187098.085314,0.0,0.0,0.0
175,2023-11-28 16:58:18.095571,1701187098.095571,0.0,0.0,0.0
176,2023-11-28 16:58:18.108772,1701187098.108772,0.0,0.0,0.0
177,2023-11-28 16:58:18.122522,1701187098.122522,0.0,0.0,0.0
178,2023-11-28 16:58:18.137933,1701187098.137933,0.0,0.0,0.0
179,2023-11-28 16:58:18.152602,1701187098.152602,0.0,0.0,0.0
180,2023-11-28 16:58:18.168010,1701187098.16801,0.0,0.0,0.0
181,2023-11-28 16:58:18.182719,1701187098.182719,0.0,0.0,0.0
182,2023-11-28 16:58:18.197002,1701187098.197002,0.0,0.0,0.0
183,2023-11-28 16:58:18.211374,1701187098.211374,0.0,0.0,0.0
184,2023-11-28 16:58:18.225497,1701187098.225497,0.0,0.0,0.0
185,2023-11-28 16:58:18.240001,1701187098.240001,0.0,0.0,0.0
186,2023-11-28 16:58:18.254346,1701187098.254346,0.0,0.0,0.0
187,2023-11-28 16:58:18.267315,1701187098.267315,0.0,0.0,0.0
188,2023-11-28 16:58:18.275219,1701187098.275219,0.0,0.0,0.0
189,2023-11-28 16:58:18.285964,1701187098.285964,0.0,0.0,0.0
190,2023-11-28 16:58:18.296514,1701187098.296514,0.0,0.0,0.0
191,2023-11-28 16:58:18.307720,1701187098.30772,0.0,0.0,0.0
192,2023-11-28 16:58:18.316363,1701187098.316363,0.0,0.0,0.0
193,2023-11-28 16:58:18.325438,1701187098.325438,0.0,0.0,0.0
194,2023-11-28 16:58:18.333674,1701187098.333674,0.0,0.0,0.0
195,2023-11-28 16:58:18.343254,1701187098.343254,0.0,0.0,0.0
196,2023-11-28 16:58:18.352090,1701187098.35209,0.0,0.0,0.0
197,2023-11-28 16:58:18.361837,1701187098.361837,0.0,0.0,0.0
198,2023-11-28 16:58:18.373467,1701187098.373467,0.0,0.0,0.0
199,2023-11-28 16:58:18.384943,1701187098.384943,0.0,0.0,0.0
200,2023-11-28 16:58:18.396558,1701187098.396558,0.0,0.0,0.0
201,2023-11-28 16:58:18.407758,1701187098.407758,0.0,0.0,0.0
202,2023-11-28 16:58:18.418903,1701187098.418903,0.0,0.0,0.0
203,2023-11-28 16:58:18.430286,1701187098.430286,0.0,0.0,0.0
204,2023-11-28 16:58:18.441876,1701187098.441876,0.0,0.0,0.0
205,2023-11-28 16:58:18.453414,1701187098.453414,0.0,0.0,0.0
206,2023-11-28 16:58:18.464970,1701187098.46497,0.0,0.0,0.0
207,2023-11-28 16:58:18.476491,1701187098.476491,0.0,0.0,0.0
208,2023-11-28 16:58:18.487463,1701187098.487463,0.0,0.0,0.0
209,2023-11-28 16:58:18.498658,1701187098.498658,0.0,0.0,0.0
210,2023-11-28 16:58:18.510000,1701187098.51,0.0,0.0,0.0
211,2023-11-28 16:58:18.520987,1701187098.520987,0.0,0.0,0.0
212,2023-11-28 16:58:18.532541,1701187098.532541,0.0,0.0,0.0
213,2023-11-28 16:58:18.544152,1701187098.544152,0.0,0.0,0.0
214,2023-11-28 16:58:18.555158,1701187098.555158,0.0,0.0,0.0
215,2023-11-28 16:58:18.566842,1701187098.566842,0.0,0.0,0.0
216,2023-11-28 16:58:18.577088,1701187098.577088,0.0,0.0,0.0
217,2023-11-28 16:58:18.588058,1701187098.588058,0.0,0.0,0.0
218,2023-11-28 16:58:18.598163,1701187098.598163,0.0,0.0,0.0
219,2023-11-28 16:58:18.606278,1701187098.606278,0.0,0.0,0.0
220,2023-11-28 16:58:18.617673,1701187098.617673,0.0,0.0,0.0
221,2023-11-28 16:58:18.626348,1701187098.626348,0.0,0.0,0.0
222,2023-11-28 16:58:18.634270,1701187098.63427,0.0,0.0,0.0
223,2023-11-28 16:58:18.642252,1701187098.642252,0.0,0.0,0.0
224,2023-11-28 16:58:18.650969,1701187098.650969,0.0,0.0,0.0
225,2023-11-28 16:58:18.659311,1701187098.659311,0.0,0.0,0.0
226,2023-11-28 16:58:18.667362,1701187098.667362,0.0,0.0,0.0
227,2023-11-28 16:58:18.675430,1701187098.67543,0.0,0.0,0.0
228,2023-11-28 16:58:18.683594,1701187098.683594,0.0,0.0,0.0
229,2023-11-28 16:58:18.691944,1701187098.691944,0.0,0.0,0.0
230,2023-11-28 16:58:18.701889,1701187098.701889,0.0,0.0,0.0
231,2023-11-28 16:58:18.711895,1701187098.711895,0.0,0.0,0.0
232,2023-11-28 16:58:18.721995,1701187098.721995,0.0,0.0,0.0
233,2023-11-28 16:58:18.731956,1701187098.731956,0.0,0.0,0.0
234,2023-11-28 16:58:18.741961,1701187098.741961,0.0,0.0,0.0
235,2023-11-28 16:58:18.751914,1701187098.751914,0.0,0.0,0.0
236,2023-11-28 16:58:18.761950,1701187098.76195,0.0,0.0,0.0
237,2023-11-28 16:58:18.771964,1701187098.771964,0.0,0.0,0.0
238,2023-11-28 16:58:18.783244,1701187098.783244,0.0,0.0,0.0
239,2023-11-28 16:58:18.794468,1701187098.794468,0.0,0.0,0.0
240,2023-11-28 16:58:18.805958,1701187098.805958,0.0,0.0,0.0
241,2023-11-28 16:58:18.815272,1701187098.815272,0.0,0.0,0.0
242,2023-11-28 16:58:18.824095,1701187098.824095,0.0,0.0,0.0
243,2023-11-28 16:58:18.833480,1701187098.83348,0.0,0.0,0.0
244,2023-11-28 16:58:18.842703,1701187098.842703,0.0,0.0,0.0
245,2023-11-28 16:58:18.851913,1701187098.851913,0.0,0.0,0.0
246,2023-11-28 16:58:18.861910,1701187098.86191,0.0,0.0,0.0
247,2023-11-28 16:58:18.873353,1701187098.873353,0.0,0.0,0.0
248,2023-11-28 16:58:18.881920,1701187098.88192,0.0,0.0,0.0
249,2023-11-28 16:58:18.891897,1701187098.891897,0.0,0.0,0.0
250,2023-11-28 16:58:18.902950,1701187098.90295,0.0,0.0,0.0
251,2023-11-28 16:58:18.911961,1701187098.911961,0.0,0.0,0.0
252,2023-11-28 16:58:18.922778,1701187098.922778,0.0,0.0,0.0
253,2023-11-28 16:58:18.931965,1701187098.931965,0.0,0.0,0.0
254,2023-11-28 16:58:18.942477,1701187098.942477,0.0,0.0,0.0
255,2023-11-28 16:58:18.951899,1701187098.951899,0.0,0.0,0.0
256,2023-11-28 16:58:18.961908,1701187098.961908,0.0,0.0,0.0
257,2023-11-28 16:58:18.971973,1701187098.971973,0.0,0.0,0.0
258,2023-11-28 16:58:18.981951,1701187098.981951,0.0,0.0,0.0
259,2023-11-28 16:58:18.992918,1701187098.992918,0.0,0.0,0.0
260,2023-11-28 16:58:19.004457,1701187099.004457,0.0,0.0,0.0
261,2023-11-28 16:58:19.014036,1701187099.014036,0.0,0.0,0.0
262,2023-11-28 16:58:19.025608,1701187099.025608,0.0,0.0,0.0
263,2023-11-28 16:58:19.036808,1701187099.036808,0.0,0.0,0.0
264,2023-11-28 16:58:19.048326,1701187099.048326,0.0,0.0,0.0
265,2023-11-28 16:58:19.058977,1701187099.058977,0.0,0.0,0.0
266,2023-11-28 16:58:19.069618,1701187099.069618,0.0,0.0,0.0
267,2023-11-28 16:58:19.080946,1701187099.080946,0.0,0.0,0.0
268,2023-11-28 16:58:19.091857,1701187099.091857,0.0,0.0,0.0
269,2023-11-28 16:58:19.102952,1701187099.102952,0.0,0.0,0.0
270,2023-11-28 16:58:19.113735,1701187099.113735,0.0,0.0,0.0
271,2023-11-28 16:58:19.124471,1701187099.124471,0.0,0.0,0.0
272,2023-11-28 16:58:19.135376,1701187099.135376,0.0,0.0,0.0
273,2023-11-28 16:58:19.146195,1701187099.146195,0.0,0.0,0.0
274,2023-11-28 16:58:19.157513,1701187099.157513,0.0,0.0,0.0
275,2023-11-28 16:58:19.169032,1701187099.169032,0.0,0.0,0.0
276,2023-11-28 16:58:19.180646,1701187099.180646,0.0,0.0,0.0
277,2023-11-28 16:58:19.192158,1701187099.192158,0.0,0.0,0.0
278,2023-11-28 16:58:19.202186,1701187099.202186,0.0,0.0,0.0
279,2023-11-28 16:58:19.213941,1701187099.213941,0.0,0.0,0.0
280,2023-11-28 16:58:19.225274,1701187099.225274,0.0,0.0,0.0
281,2023-11-28 16:58:19.236837,1701187099.236837,0.0,0.0,0.0
282,2023-11-28 16:58:19.246495,1701187099.246495,0.0,0.0,0.0
283,2023-11-28 16:58:19.256779,1701187099.256779,0.0,0.0,0.0
284,2023-11-28 16:58:19.268558,1701187099.268558,0.0,0.0,0.0
285,2023-11-28 16:58:19.278462,1701187099.278462,0.0,0.0,0.0
286,2023-11-28 16:58:19.288788,1701187099.288788,0.0,0.0,0.0
287,2023-11-28 16:58:19.299913,1701187099.299913,0.0,0.0,0.0
288,2023-11-28 16:58:19.311079,1701187099.311079,0.0,0.0,0.0
289,2023-11-28 16:58:19.322548,1701187099.322548,0.0,0.0,0.0
290,2023-11-28 16:58:19.334006,1701187099.334006,0.0,0.0,0.0
291,2023-11-28 16:58:19.344535,1701187099.344535,0.0,0.0,0.0
292,2023-11-28 16:58:19.355500,1701187099.3555,0.0,0.0,0.0
293,2023-11-28 16:58:19.366862,1701187099.366862,0.0,0.0,0.0
294,2023-11-28 16:58:19.375879,1701187099.375879,0.0,0.0,0.0
295,2023-11-28 16:58:19.387054,1701187099.387054,0.0,0.0,0.0
296,2023-11-28 16:58:19.398493,1701187099.398493,0.0,0.0,0.0
297,2023-11-28 16:58:19.407857,1701187099.407857,0.0,0.0,0.0
298,2023-11-28 16:58:19.419227,1701187099.419227,0.0,0.0,0.0
299,2023-11-28 16:58:19.430906,1701187099.430906,0.0,0.0,0.0
300,2023-11-28 16:58:19.440708,1701187099.440708,0.0,0.0,0.0
301,2023-11-28 16:58:19.452248,1701187099.452248,0.0,0.0,0.0
302,2023-11-28 16:58:19.463493,1701187099.463493,0.0,0.0,0.0
303,2023-11-28 16:58:19.472656,1701187099.472656,0.0,0.0,0.0
304,2023-11-28 16:58:19.484521,1701187099.484521,0.0,0.0,0.0
305,2023-11-28 16:58:19.496154,1701187099.496154,0.0,0.0,0.0
306,2023-11-28 16:58:19.505936,1701187099.505936,0.0,0.0,0.0
307,2023-11-28 16:58:19.517563,1701187099.517563,0.0,0.0,0.0
308,2023-11-28 16:58:19.525876,1701187099.525876,0.0,0.0,0.0
309,2023-11-28 16:58:19.536509,1701187099.536509,0.0,0.0,0.0
310,2023-11-28 16:58:19.547558,1701187099.547558,0.0,0.0,0.0
311,2023-11-28 16:58:19.558948,1701187099.558948,0.0,0.0,0.0
312,2023-11-28 16:58:19.570204,1701187099.570204,0.0,0.0,0.0
313,2023-11-28 16:58:19.580355,1701187099.580355,0.0,0.0,0.0
314,2023-11-28 16:58:19.589727,1701187099.589727,0.0,0.0,0.0
315,2023-11-28 16:58:19.597880,1701187099.59788,0.0,0.0,0.0
316,2023-11-28 16:58:19.607610,1701187099.60761,0.0,0.0,0.0
317,2023-11-28 16:58:19.616028,1701187099.616028,0.0,0.0,0.0
318,2023-11-28 16:58:19.625978,1701187099.625978,0.0,0.0,0.0
319,2023-11-28 16:58:19.637557,1701187099.637557,0.0,0.0,0.0
320,2023-11-28 16:58:19.647130,1701187099.64713,0.0,0.0,0.0
321,2023-11-28 16:58:19.655865,1701187099.655865,0.0,0.0,0.0
322,2023-11-28 16:58:19.663875,1701187099.663875,0.0,0.0,0.0
323,2023-11-28 16:58:19.675424,1701187099.675424,0.0,0.0,0.0
324,2023-11-28 16:58:19.686702,1701187099.686702,0.0,0.0,0.0
325,2023-11-28 16:58:19.698462,1701187099.698462,0.0,0.0,0.0
326,2023-11-28 16:58:19.709234,1701187099.709234,0.0,0.0,0.0
327,2023-11-28 16:58:19.718985,1701187099.718985,0.0,0.0,0.0
328,2023-11-28 16:58:19.730515,1701187099.730515,0.0,0.0,0.0
329,2023-11-28 16:58:19.741428,1701187099.741428,0.0,0.0,0.0
330,2023-11-28 16:58:19.753076,1701187099.753076,0.0,0.0,0.0
331,2023-11-28 16:58:19.764010,1701187099.76401,0.0,0.0,0.0
332,2023-11-28 16:58:19.773934,1701187099.773934,0.0,0.0,0.0
333,2023-11-28 16:58:19.785521,1701187099.785521,0.0,0.0,0.0
334,2023-11-28 16:58:19.796105,1701187099.796105,0.0,0.0,0.0
335,2023-11-28 16:58:19.807266,1701187099.807266,0.0,0.0,0.0
336,2023-11-28 16:58:19.817320,1701187099.81732,0.0,0.0,0.0
337,2023-11-28 16:58:19.827049,1701187099.827049,0.0,0.0,0.0
338,2023-11-28 16:58:19.837757,1701187099.837757,0.0,0.0,0.0
339,2023-11-28 16:58:19.849203,1701187099.849203,0.0,0.0,0.0
340,2023-11-28 16:58:19.860233,1701187099.860233,0.0,0.0,0.0
341,2023-11-28 16:58:19.871012,1701187099.871012,0.0,0.0,0.0
342,2023-11-28 16:58:19.882623,1701187099.882623,0.0,0.0,0.0
343,2023-11-28 16:58:19.893218,1701187099.893218,0.0,0.0,0.0
344,2023-11-28 16:58:19.902697,1701187099.902697,0.0,0.0,0.0
345,2023-11-28 16:58:19.912708,1701187099.912708,0.0,0.0,0.0
346,2023-11-28 16:58:19.922706,1701187099.922706,0.0,0.0,0.0
347,2023-11-28 16:58:19.932758,1701187099.932758,0.0,0.0,0.0
348,2023-11-28 16:58:19.942724,1701187099.942724,0.0,0.0,0.0
349,2023-11-28 16:58:19.952746,1701187099.952746,0.0,0.0,0.0
350,2023-11-28 16:58:19.962742,1701187099.962742,0.0,0.0,0.0
351,2023-11-28 16:58:19.972756,1701187099.972756,0.0,0.0,0.0
352,2023-11-28 16:58:19.982749,1701187099.982749,0.0,0.0,0.0
353,2023-11-28 16:58:19.992713,1701187099.992713,0.0,0.0,0.0
354,2023-11-28 16:58:20.002738,1701187100.002738,0.0,0.0,0.0
355,2023-11-28 16:58:20.012760,1701187100.01276,0.0,0.0,0.0
356,2023-11-28 16:58:20.022761,1701187100.022761,0.0,0.0,0.0
357,2023-11-28 16:58:20.032738,1701187100.032738,0.0,0.0,0.0
358,2023-11-28 16:58:20.042741,1701187100.042741,0.0,0.0,0.0
359,2023-11-28 16:58:20.052702,1701187100.052702,0.0,0.0,0.0
360,2023-11-28 16:58:20.062735,1701187100.062735,0.0,0.0,0.0
361,2023-11-28 16:58:20.073554,1701187100.073554,0.0,0.0,0.0
362,2023-11-28 16:58:20.082738,1701187100.082738,0.0,0.0,0.0
363,2023-11-28 16:58:20.092756,1701187100.092756,0.0,0.0,0.0
364,2023-11-28 16:58:20.102708,1701187100.102708,0.0,0.0,0.0
365,2023-11-28 16:58:20.112740,1701187100.11274,0.0,0.0,0.0
366,2023-11-28 16:58:20.122708,1701187100.122708,0.0,0.0,0.0
367,2023-11-28 16:58:20.133170,1701187100.13317,0.0,0.0,0.0
368,2023-11-28 16:58:20.142761,1701187100.142761,0.0,0.0,0.0
369,2023-11-28 16:58:20.152739,1701187100.152739,0.0,0.0,0.0
370,2023-11-28 16:58:20.163871,1701187100.163871,0.0,0.0,0.0
371,2023-11-28 16:58:20.172712,1701187100.172712,0.0,0.0,0.0
372,2023-11-28 16:58:20.183353,1701187100.183353,0.0,0.0,0.0
373,2023-11-28 16:58:20.192746,1701187100.192746,0.0,0.0,0.0
374,2023-11-28 16:58:20.202741,1701187100.202741,0.0,0.0,0.0
375,2023-11-28 16:58:20.212737,1701187100.212737,0.0,0.0,0.0
376,2023-11-28 16:58:20.222740,1701187100.22274,0.0,0.0,0.0
377,2023-11-28 16:58:20.232710,1701187100.23271,0.0,0.0,0.0
378,2023-11-28 16:58:20.242739,1701187100.242739,0.0,0.0,0.0
379,2023-11-28 16:58:20.252745,1701187100.252745,0.0,0.0,0.0
380,2023-11-28 16:58:20.262719,1701187100.262719,0.0,0.0,0.0
381,2023-11-28 16:58:20.274256,1701187100.274256,0.0,0.0,0.0
382,2023-11-28 16:58:20.282754,1701187100.282754,0.0,0.0,0.0
383,2023-11-28 16:58:20.292749,1701187100.292749,0.0,0.0,0.0
384,2023-11-28 16:58:20.302740,1701187100.30274,0.0,0.0,0.0
385,2023-11-28 16:58:20.312763,1701187100.312763,0.0,0.0,0.0
386,2023-11-28 16:58:20.322716,1701187100.322716,0.0,0.0,0.0
387,2023-11-28 16:58:20.332757,1701187100.332757,0.0,0.0,0.0
388,2023-11-28 16:58:20.342757,1701187100.342757,0.0,0.0,0.0
389,2023-11-28 16:58:20.352759,1701187100.352759,0.0,0.0,0.0
390,2023-11-28 16:58:20.362758,1701187100.362758,0.0,0.0,0.0
391,2023-11-28 16:58:20.373476,1701187100.373476,0.0,0.0,0.0
392,2023-11-28 16:58:20.383217,1701187100.383217,0.0,0.0,0.0
393,2023-11-28 16:58:20.393846,1701187100.393846,0.0,0.0,0.0
394,2023-11-28 16:58:20.402700,1701187100.4027,0.0,0.0,0.0
395,2023-11-28 16:58:20.413227,1701187100.413227,0.0,0.0,0.0
396,2023-11-28 16:58:20.424054,1701187100.424054,0.0,0.0,0.0
397,2023-11-28 16:58:20.434003,1701187100.434003,0.0,0.0,0.0
398,2023-11-28 16:58:20.445530,1701187100.44553,0.0,0.0,0.0
399,2023-11-28 16:58:20.455090,1701187100.45509,0.0,0.0,0.0
400,2023-11-28 16:58:20.466374,1701187100.466374,0.0,0.0,0.0
401,2023-11-28 16:58:20.477952,1701187100.477952,0.0,0.0,0.0
402,2023-11-28 16:58:20.488654,1701187100.488654,0.0,0.0,0.0
403,2023-11-28 16:58:20.497397,1701187100.497397,0.0,0.0,0.0
404,2023-11-28 16:58:20.507227,1701187100.507227,0.0,0.0,0.0
405,2023-11-28 16:58:20.516231,1701187100.516231,0.0,0.0,0.0
406,2023-11-28 16:58:20.524916,1701187100.524916,0.0,0.0,0.0
407,2023-11-28 16:58:20.534531,1701187100.534531,0.0,0.0,0.0
408,2023-11-28 16:58:20.544243,1701187100.544243,0.0,0.0,0.0
409,2023-11-28 16:58:20.555202,1701187100.555202,0.0,0.0,0.0
410,2023-11-28 16:58:20.565992,1701187100.565992,0.0,0.0,0.0
411,2023-11-28 16:58:20.574594,1701187100.574594,0.0,0.0,0.0
412,2023-11-28 16:58:20.582925,1701187100.582925,0.0,0.0,0.0
413,2023-11-28 16:58:20.593405,1701187100.593405,0.0,0.0,0.0
414,2023-11-28 16:58:20.602703,1701187100.602703,0.0,0.0,0.0
415,2023-11-28 16:58:20.613229,1701187100.613229,0.0,0.0,0.0
416,2023-11-28 16:58:20.622756,1701187100.622756,0.0,0.0,0.0
417,2023-11-28 16:58:20.632882,1701187100.632882,0.0,0.0,0.0
418,2023-11-28 16:58:20.643658,1701187100.643658,0.0,0.0,0.0
419,2023-11-28 16:58:20.654892,1701187100.654892,0.0,0.0,0.0
420,2023-11-28 16:58:20.665445,1701187100.665445,0.0,0.0,0.0
421,2023-11-28 16:58:20.674904,1701187100.674904,0.0,0.0,0.0
422,2023-11-28 16:58:20.682856,1701187100.682856,0.0,0.0,0.0
423,2023-11-28 16:58:20.692704,1701187100.692704,0.0,0.0,0.0
424,2023-11-28 16:58:20.703800,1701187100.7038,0.0,0.0,0.0
425,2023-11-28 16:58:20.712695,1701187100.712695,0.0,0.0,0.0
426,2023-11-28 16:58:20.723254,1701187100.723254,0.0,0.0,0.0
427,2023-11-28 16:58:20.734598,1701187100.734598,0.0,0.0,0.0
428,2023-11-28 16:58:20.745979,1701187100.745979,0.0,0.0,0.0
429,2023-11-28 16:58:20.757728,1701187100.757728,0.0,0.0,0.0
430,2023-11-28 16:58:20.769355,1701187100.769355,0.0,0.0,0.0
431,2023-11-28 16:58:20.780886,1701187100.780886,0.0,0.0,0.0
432,2023-11-28 16:58:20.792103,1701187100.792103,0.0,0.0,0.0
433,2023-11-28 16:58:20.803790,1701187100.80379,0.0,0.0,0.0
434,2023-11-28 16:58:20.815509,1701187100.815509,0.0,0.0,0.0
435,2023-11-28 16:58:20.827077,1701187100.827077,0.0,0.0,0.0
436,2023-11-28 16:58:20.835981,1701187100.835981,0.0,0.0,0.0
437,2023-11-28 16:58:20.844816,1701187100.844816,0.0,0.0,0.0
438,2023-11-28 16:58:20.854130,1701187100.85413,0.0,0.0,0.0
439,2023-11-28 16:58:20.866662,1701187100.866662,0.0,0.0,0.0
440,2023-11-28 16:58:20.875260,1701187100.87526,0.0,0.0,0.0
441,2023-11-28 16:58:20.886457,1701187100.886457,0.0,0.0,0.0
442,2023-11-28 16:58:20.894372,1701187100.894372,0.0,0.0,0.0
443,2023-11-28 16:58:20.902412,1701187100.902412,0.0,0.0,0.0
444,2023-11-28 16:58:20.911562,1701187100.911562,0.0,0.0,0.0
445,2023-11-28 16:58:20.921856,1701187100.921856,0.0,0.0,0.0
446,2023-11-28 16:58:20.929960,1701187100.92996,0.0,0.0,0.0
447,2023-11-28 16:58:20.940154,1701187100.940154,0.0,0.0,0.0
448,2023-11-28 16:58:20.948304,1701187100.948304,0.0,0.0,0.0
449,2023-11-28 16:58:20.956404,1701187100.956404,0.0,0.0,0.0
450,2023-11-28 16:58:20.968042,1701187100.968042,0.0,0.0,0.0
451,2023-11-28 16:58:20.978248,1701187100.978248,0.0,0.0,0.0
452,2023-11-28 16:58:20.989864,1701187100.989864,0.0,0.0,0.0
453,2023-11-28 16:58:21.001527,1701187101.001527,0.0,0.0,0.0
454,2023-11-28 16:58:21.013286,1701187101.013286,0.0,0.0,0.0
455,2023-11-28 16:58:21.025141,1701187101.025141,0.0,0.0,0.0
456,2023-11-28 16:58:21.036808,1701187101.036808,0.0,0.0,0.0
457,2023-11-28 16:58:21.048749,1701187101.048749,0.0,0.0,0.0
458,2023-11-28 16:58:21.056817,1701187101.056817,0.0,0.0,0.0
459,2023-11-28 16:58:21.065161,1701187101.065161,0.0,0.0,0.0
460,2023-11-28 16:58:21.074253,1701187101.074253,0.0,0.0,0.0
461,2023-11-28 16:58:21.083459,1701187101.083459,0.0,0.0,0.0
462,2023-11-28 16:58:21.091489,1701187101.091489,0.0,0.0,0.0
463,2023-11-28 16:58:21.102751,1701187101.102751,0.0,0.0,0.0
464,2023-11-28 16:58:21.110711,1701187101.110711,0.0,0.0,0.0
465,2023-11-28 16:58:21.118654,1701187101.118654,0.0,0.0,0.0
466,2023-11-28 16:58:21.127549,1701187101.127549,0.0,0.0,0.0
467,2023-11-28 16:58:21.136623,1701187101.136623,0.0,0.0,0.0
468,2023-11-28 16:58:21.144632,1701187101.144632,0.0,0.0,0.0
469,2023-11-28 16:58:21.155112,1701187101.155112,0.0,0.0,0.0
470,2023-11-28 16:58:21.163813,1701187101.163813,0.0,0.0,0.0
471,2023-11-28 16:58:21.172695,1701187101.172695,0.0,0.0,0.0
472,2023-11-28 16:58:21.182696,1701187101.182696,0.0,0.0,0.0
473,2023-11-28 16:58:21.192752,1701187101.192752,0.0,0.0,0.0
474,2023-11-28 16:58:21.202702,1701187101.202702,0.0,0.0,0.0
475,2023-11-28 16:58:21.214259,1701187101.214259,0.0,0.0,0.0
476,2023-11-28 16:58:21.225162,1701187101.225162,0.0,0.0,0.0
477,2023-11-28 16:58:21.236949,1701187101.236949,0.0,0.0,0.0
478,2023-11-28 16:58:21.245280,1701187101.24528,0.0,0.0,0.0
479,2023-11-28 16:58:21.256696,1701187101.256696,0.0,0.0,0.0
480,2023-11-28 16:58:21.266461,1701187101.266461,0.0,0.0,0.0
481,2023-11-28 16:58:21.274457,1701187101.274457,0.0,0.0,0.0
482,2023-11-28 16:58:21.284191,1701187101.284191,0.0,0.0,0.0
483,2023-11-28 16:58:21.294161,1701187101.294161,0.0,0.0,0.0
484,2023-11-28 16:58:21.305531,1701187101.305531,0.0,0.0,0.0
485,2023-11-28 16:58:21.317304,1701187101.317304,0.0,0.0,0.0
486,2023-11-28 16:58:21.327040,1701187101.32704,0.0,0.0,0.0
487,2023-11-28 16:58:21.337860,1701187101.33786,0.0,0.0,0.0
488,2023-11-28 16:58:21.347740,1701187101.34774,0.0,0.0,0.0
489,2023-11-28 16:58:21.355956,1701187101.355956,0.0,0.0,0.0
490,2023-11-28 16:58:21.363950,1701187101.36395,0.0,0.0,0.0
491,2023-11-28 16:58:21.374561,1701187101.374561,0.0,0.0,0.0
492,2023-11-28 16:58:21.385528,1701187101.385528,0.0,0.0,0.0
493,2023-11-28 16:58:21.397158,1701187101.397158,0.0,0.0,0.0
494,2023-11-28 16:58:21.408072,1701187101.408072,0.0,0.0,0.0
495,2023-11-28 16:58:21.416199,1701187101.416199,0.0,0.0,0.0
496,2023-11-28 16:58:21.427095,1701187101.427095,0.0,0.0,0.0
497,2023-11-28 16:58:21.438664,1701187101.438664,0.0,0.0,0.0
498,2023-11-28 16:58:21.449144,1701187101.449144,0.0,0.0,0.0
499,2023-11-28 16:58:21.459946,1701187101.459946,0.0,0.0,0.0
500,2023-11-28 16:58:21.468209,1701187101.468209,0.0,0.0,20.0
501,2023-11-28 16:58:21.479744,1701187101.479744,0.0,0.0,20.0
502,2023-11-28 16:58:21.489791,1701187101.489791,0.0,0.0,20.0
503,2023-11-28 16:58:21.500268,1701187101.500268,0.0,0.0,20.0
504,2023-11-28 16:58:21.511350,1701187101.51135,0.0,0.0,20.0
505,2023-11-28 16:58:21.522355,1701187101.522355,0.0,0.0,20.0
506,2023-11-28 16:58:21.534319,1701187101.534319,0.0,0.0,20.0
507,2023-11-28 16:58:21.542659,1701187101.542659,0.0,0.0,20.0
508,2023-11-28 16:58:21.550739,1701187101.550739,0.0,0.0,20.0
509,2023-11-28 16:58:21.560541,1701187101.560541,0.0,0.0,20.0
510,2023-11-28 16:58:21.569270,1701187101.56927,0.0,0.0,20.0
511,2023-11-28 16:58:21.577711,1701187101.577711,0.0,0.0,20.0
512,2023-11-28 16:58:21.587580,1701187101.58758,0.0,0.0,20.0
513,2023-11-28 16:58:21.596127,1701187101.596127,0.0,0.0,20.0
514,2023-11-28 16:58:21.604308,1701187101.604308,0.0,0.0,20.0
515,2023-11-28 16:58:21.612736,1701187101.612736,0.0,0.0,20.0
516,2023-11-28 16:58:21.623907,1701187101.623907,0.0,0.0,20.0
517,2023-11-28 16:58:21.632683,1701187101.632683,0.0,0.0,20.0
518,2023-11-28 16:58:21.643493,1701187101.643493,0.0,0.0,20.0
519,2023-11-28 16:58:21.652688,1701187101.652688,0.0,0.0,20.0
520,2023-11-28 16:58:21.662753,1701187101.662753,0.0,0.0,20.0
521,2023-11-28 16:58:21.673178,1701187101.673178,0.0,0.0,20.0
522,2023-11-28 16:58:21.682975,1701187101.682975,0.0,0.0,20.0
523,2023-11-28 16:58:21.693166,1701187101.693166,0.0,0.0,20.0
524,2023-11-28 16:58:21.702972,1701187101.702972,0.0,0.0,20.0
525,2023-11-28 16:58:21.712692,1701187101.712692,0.0,0.0,20.0
526,2023-11-28 16:58:21.722698,1701187101.722698,0.0,0.0,20.0
527,2023-11-28 16:58:21.733085,1701187101.733085,0.0,0.0,20.0
528,2023-11-28 16:58:21.742707,1701187101.742707,0.0,0.0,20.0
529,2023-11-28 16:58:21.754460,1701187101.75446,0.0,0.0,20.0
530,2023-11-28 16:58:21.762688,1701187101.762688,0.0,0.0,20.0
531,2023-11-28 16:58:21.772724,1701187101.772724,0.0,0.0,20.0
532,2023-11-28 16:58:21.783958,1701187101.783958,0.0,0.0,20.0
533,2023-11-28 16:58:21.792729,1701187101.792729,0.0,0.0,20.0
534,2023-11-28 16:58:21.803170,1701187101.80317,0.0,0.0,20.0
535,2023-11-28 16:58:21.812689,1701187101.812689,0.0,0.0,20.0
536,2023-11-28 16:58:21.822662,1701187101.822662,0.0,0.0,20.0
537,2023-11-28 16:58:21.834352,1701187101.834352,0.0,0.0,20.0
538,2023-11-28 16:58:21.843551,1701187101.843551,0.0,0.0,20.0
539,2023-11-28 16:58:21.852712,1701187101.852712,0.0,0.0,20.0
540,2023-11-28 16:58:21.862746,1701187101.862746,0.0,0.0,20.0
541,2023-11-28 16:58:21.872688,1701187101.872688,0.0,0.0,20.0
542,2023-11-28 16:58:21.882706,1701187101.882706,0.0,0.0,20.0
543,2023-11-28 16:58:21.892733,1701187101.892733,0.0,0.0,20.0
544,2023-11-28 16:58:21.902753,1701187101.902753,0.0,0.0,20.0
545,2023-11-28 16:58:21.914236,1701187101.914236,0.0,0.0,20.0
546,2023-11-28 16:58:21.922747,1701187101.922747,0.0,0.0,20.0
547,2023-11-28 16:58:21.932689,1701187101.932689,0.0,0.0,20.0
548,2023-11-28 16:58:21.942688,1701187101.942688,0.0,0.0,20.0
549,2023-11-28 16:58:21.953911,1701187101.953911,0.0,0.0,20.0
550,2023-11-28 16:58:21.965828,1701187101.965828,0.0,0.0,20.0
551,2023-11-28 16:58:21.976634,1701187101.976634,0.0,0.0,20.0
552,2023-11-28 16:58:21.987048,1701187101.987048,0.0,0.0,20.0
553,2023-11-28 16:58:21.998823,1701187101.998823,0.0,0.0,20.0
554,2023-11-28 16:58:22.007798,1701187102.007798,0.0,0.0,20.0
555,2023-11-28 16:58:22.019357,1701187102.019357,0.0,0.0,20.0
556,2023-11-28 16:58:22.030885,1701187102.030885,0.0,0.0,20.0
557,2023-11-28 16:58:22.040791,1701187102.040791,0.0,0.0,20.0
558,2023-11-28 16:58:22.051099,1701187102.051099,0.0,0.0,20.0
559,2023-11-28 16:58:22.060570,1701187102.06057,0.0,0.0,20.0
560,2023-11-28 16:58:22.069237,1701187102.069237,0.0,0.0,20.0
561,2023-11-28 16:58:22.078675,1701187102.078675,0.0,0.0,20.0
562,2023-11-28 16:58:22.087189,1701187102.087189,0.0,0.0,20.0
563,2023-11-28 16:58:22.095760,1701187102.09576,0.0,0.0,20.0
564,2023-11-28 16:58:22.104286,1701187102.104286,0.0,0.0,20.0
565,2023-11-28 16:58:22.112682,1701187102.112682,0.0,0.0,20.0
566,2023-11-28 16:58:22.124361,1701187102.124361,0.0,0.0,20.0
567,2023-11-28 16:58:22.134410,1701187102.13441,0.0,0.0,20.0
568,2023-11-28 16:58:22.144977,1701187102.144977,0.0,0.0,20.0
569,2023-11-28 16:58:22.156891,1701187102.156891,0.0,0.0,20.0
570,2023-11-28 16:58:22.168619,1701187102.168619,0.0,0.0,20.0
571,2023-11-28 16:58:22.180441,1701187102.180441,0.0,0.0,20.0
572,2023-11-28 16:58:22.190058,1701187102.190058,0.0,0.0,20.0
573,2023-11-28 16:58:22.201643,1701187102.201643,0.0,0.0,20.0
574,2023-11-28 16:58:22.213956,1701187102.213956,0.0,0.0,20.0
575,2023-11-28 16:58:22.222844,1701187102.222844,0.0,0.0,20.0
576,2023-11-28 16:58:22.232667,1701187102.232667,0.0,0.0,20.0
577,2023-11-28 16:58:22.240912,1701187102.240912,0.0,0.0,20.0
578,2023-11-28 16:58:22.249556,1701187102.249556,0.0,0.0,20.0
579,2023-11-28 16:58:22.257688,1701187102.257688,0.0,0.0,20.0
580,2023-11-28 16:58:22.266887,1701187102.266887,0.0,0.0,20.0
581,2023-11-28 16:58:22.275444,1701187102.275444,0.0,0.0,20.0
582,2023-11-28 16:58:22.285927,1701187102.285927,0.0,0.0,20.0
583,2023-11-28 16:58:22.294783,1701187102.294783,0.0,0.0,20.0
584,2023-11-28 16:58:22.303259,1701187102.303259,0.0,0.0,20.0
585,2023-11-28 16:58:22.312692,1701187102.312692,0.0,0.0,20.0
586,2023-11-28 16:58:22.322689,1701187102.322689,0.0,0.0,20.0
587,2023-11-28 16:58:22.332753,1701187102.332753,0.0,0.0,20.0
588,2023-11-28 16:58:22.342753,1701187102.342753,0.0,0.0,20.0
589,2023-11-28 16:58:22.352729,1701187102.352729,0.0,0.0,20.0
590,2023-11-28 16:58:22.362733,1701187102.362733,0.0,0.0,20.0
591,2023-11-28 16:58:22.372721,1701187102.372721,0.0,0.0,20.0
592,2023-11-28 16:58:22.382748,1701187102.382748,0.0,0.0,20.0
593,2023-11-28 16:58:22.392738,1701187102.392738,0.0,0.0,20.0
594,2023-11-28 16:58:22.404662,1701187102.404662,0.0,0.0,20.0
595,2023-11-28 16:58:22.416148,1701187102.416148,0.0,0.0,20.0
596,2023-11-28 16:58:22.428115,1701187102.428115,0.0,0.0,20.0
597,2023-11-28 16:58:22.439359,1701187102.439359,0.0,0.0,20.0
598,2023-11-28 16:58:22.451022,1701187102.451022,0.0,0.0,20.0
599,2023-11-28 16:58:22.462635,1701187102.462635,0.0,0.0,20.0
600,2023-11-28 16:58:22.474256,1701187102.474256,0.0,0.0,20.0
601,2023-11-28 16:58:22.485937,1701187102.485937,0.0,0.0,20.0
602,2023-11-28 16:58:22.496864,1701187102.496864,0.0,0.0,20.0
603,2023-11-28 16:58:22.508507,1701187102.508507,0.0,0.0,20.0
604,2023-11-28 16:58:22.519675,1701187102.519675,0.0,0.0,20.0
605,2023-11-28 16:58:22.531230,1701187102.53123,0.0,0.0,20.0
606,2023-11-28 16:58:22.539370,1701187102.53937,0.0,0.0,20.0
607,2023-11-28 16:58:22.547656,1701187102.547656,0.0,0.0,20.0
608,2023-11-28 16:58:22.556506,1701187102.556506,0.0,0.0,20.0
609,2023-11-28 16:58:22.564923,1701187102.564923,0.0,0.0,20.0
610,2023-11-28 16:58:22.573107,1701187102.573107,0.0,0.0,20.0
611,2023-11-28 16:58:22.581358,1701187102.581358,0.0,0.0,20.0
612,2023-11-28 16:58:22.589974,1701187102.589974,0.0,0.0,20.0
613,2023-11-28 16:58:22.598278,1701187102.598278,0.0,0.0,20.0
614,2023-11-28 16:58:22.606573,1701187102.606573,0.0,0.0,20.0
615,2023-11-28 16:58:22.617234,1701187102.617234,0.0,0.0,20.0
616,2023-11-28 16:58:22.628958,1701187102.628958,0.0,0.0,20.0
617,2023-11-28 16:58:22.640539,1701187102.640539,0.0,0.0,20.0
618,2023-11-28 16:58:22.650502,1701187102.650502,0.0,0.0,20.0
619,2023-11-28 16:58:22.659014,1701187102.659014,0.0,0.0,20.0
620,2023-11-28 16:58:22.670731,1701187102.670731,0.0,0.0,20.0
621,2023-11-28 16:58:22.681430,1701187102.68143,0.0,0.0,20.0
622,2023-11-28 16:58:22.690384,1701187102.690384,0.0,0.0,20.0
623,2023-11-28 16:58:22.702104,1701187102.702104,0.0,0.0,20.0
624,2023-11-28 16:58:22.714247,1701187102.714247,0.0,0.0,20.0
625,2023-11-28 16:58:22.724834,1701187102.724834,0.0,0.0,20.0
626,2023-11-28 16:58:22.736573,1701187102.736573,0.0,0.0,20.0
627,2023-11-28 16:58:22.748518,1701187102.748518,0.0,0.0,20.0
628,2023-11-28 16:58:22.757146,1701187102.757146,0.0,0.0,20.0
629,2023-11-28 16:58:22.765826,1701187102.765826,0.0,0.0,20.0
630,2023-11-28 16:58:22.776901,1701187102.776901,0.0,0.0,20.0
631,2023-11-28 16:58:22.785135,1701187102.785135,0.0,0.0,20.0
632,2023-11-28 16:58:22.793761,1701187102.793761,0.0,0.0,20.0
633,2023-11-28 16:58:22.804417,1701187102.804417,0.0,0.0,20.0
634,2023-11-28 16:58:22.812851,1701187102.812851,0.0,0.0,20.0
635,2023-11-28 16:58:22.821255,1701187102.821255,0.0,0.0,20.0
636,2023-11-28 16:58:22.830885,1701187102.830885,0.0,0.0,20.0
637,2023-11-28 16:58:22.839284,1701187102.839284,0.0,0.0,20.0
638,2023-11-28 16:58:22.847409,1701187102.847409,0.0,0.0,20.0
639,2023-11-28 16:58:22.855767,1701187102.855767,0.0,0.0,20.0
640,2023-11-28 16:58:22.866062,1701187102.866062,0.0,0.0,20.0
641,2023-11-28 16:58:22.876929,1701187102.876929,0.0,0.0,20.0
642,2023-11-28 16:58:22.885484,1701187102.885484,0.0,0.0,20.0
643,2023-11-28 16:58:22.895046,1701187102.895046,0.0,0.0,20.0
644,2023-11-28 16:58:22.903489,1701187102.903489,0.0,0.0,20.0
645,2023-11-28 16:58:22.912692,1701187102.912692,0.0,0.0,20.0
646,2023-11-28 16:58:22.922728,1701187102.922728,0.0,0.0,20.0
647,2023-11-28 16:58:22.933397,1701187102.933397,0.0,0.0,20.0
648,2023-11-28 16:58:22.944194,1701187102.944194,0.0,0.0,20.0
649,2023-11-28 16:58:22.955794,1701187102.955794,0.0,0.0,20.0
650,2023-11-28 16:58:22.967646,1701187102.967646,0.0,0.0,20.0
651,2023-11-28 16:58:22.977825,1701187102.977825,0.0,0.0,20.0
652,2023-11-28 16:58:22.989728,1701187102.989728,0.0,0.0,20.0
653,2023-11-28 16:58:23.001352,1701187103.001352,0.0,0.0,20.0
654,2023-11-28 16:58:23.013063,1701187103.013063,0.0,0.0,20.0
655,2023-11-28 16:58:23.025057,1701187103.025057,0.0,0.0,20.0
656,2023-11-28 16:58:23.036720,1701187103.03672,0.0,0.0,20.0
657,2023-11-28 16:58:23.048580,1701187103.04858,0.0,0.0,20.0
658,2023-11-28 16:58:23.060257,1701187103.060257,0.0,0.0,20.0
659,2023-11-28 16:58:23.071658,1701187103.071658,0.0,0.0,20.0
660,2023-11-28 16:58:23.081991,1701187103.081991,0.0,0.0,20.0
661,2023-11-28 16:58:23.092765,1701187103.092765,0.0,0.0,20.0
662,2023-11-28 16:58:23.102804,1701187103.102804,0.0,0.0,20.0
663,2023-11-28 16:58:23.114379,1701187103.114379,0.0,0.0,20.0
664,2023-11-28 16:58:23.126021,1701187103.126021,0.0,0.0,20.0
665,2023-11-28 16:58:23.135581,1701187103.135581,0.0,0.0,20.0
666,2023-11-28 16:58:23.145843,1701187103.145843,0.0,0.0,20.0
667,2023-11-28 16:58:23.154468,1701187103.154468,0.0,0.0,20.0
668,2023-11-28 16:58:23.162813,1701187103.162813,0.0,0.0,20.0
669,2023-11-28 16:58:23.173393,1701187103.173393,0.0,0.0,20.0
670,2023-11-28 16:58:23.182822,1701187103.182822,0.0,0.0,20.0
671,2023-11-28 16:58:23.192816,1701187103.192816,0.0,0.0,20.0
672,2023-11-28 16:58:23.202827,1701187103.202827,0.0,0.0,20.0
673,2023-11-28 16:58:23.212866,1701187103.212866,0.0,0.0,20.0
674,2023-11-28 16:58:23.222875,1701187103.222875,0.0,0.0,20.0
675,2023-11-28 16:58:23.232831,1701187103.232831,0.0,0.0,20.0
676,2023-11-28 16:58:23.242876,1701187103.242876,0.0,0.0,20.0
677,2023-11-28 16:58:23.252849,1701187103.252849,0.0,0.0,20.0
678,2023-11-28 16:58:23.262866,1701187103.262866,0.0,0.0,20.0
679,2023-11-28 16:58:23.272906,1701187103.272906,0.0,0.0,20.0
680,2023-11-28 16:58:23.282870,1701187103.28287,0.0,0.0,20.0
681,2023-11-28 16:58:23.292858,1701187103.292858,0.0,0.0,20.0
682,2023-11-28 16:58:23.302856,1701187103.302856,0.0,0.0,20.0
683,2023-11-28 16:58:23.312871,1701187103.312871,0.0,0.0,20.0
684,2023-11-28 16:58:23.322849,1701187103.322849,0.0,0.0,20.0
685,2023-11-28 16:58:23.332876,1701187103.332876,0.0,0.0,20.0
686,2023-11-28 16:58:23.343349,1701187103.343349,0.0,0.0,20.0
687,2023-11-28 16:58:23.354681,1701187103.354681,0.0,0.0,20.0
688,2023-11-28 16:58:23.364880,1701187103.36488,0.0,0.0,20.0
689,2023-11-28 16:58:23.373759,1701187103.373759,0.0,0.0,20.0
690,2023-11-28 16:58:23.382814,1701187103.382814,0.0,0.0,20.0
691,2023-11-28 16:58:23.392874,1701187103.392874,0.0,0.0,20.0
692,2023-11-28 16:58:23.402812,1701187103.402812,0.0,0.0,20.0
693,2023-11-28 16:58:23.412855,1701187103.412855,0.0,0.0,20.0
694,2023-11-28 16:58:23.423132,1701187103.423132,0.0,0.0,20.0
695,2023-11-28 16:58:23.432854,1701187103.432854,0.0,0.0,20.0
696,2023-11-28 16:58:23.442870,1701187103.44287,0.0,0.0,20.0
697,2023-11-28 16:58:23.452998,1701187103.452998,0.0,0.0,20.0
698,2023-11-28 16:58:23.462875,1701187103.462875,0.0,0.0,20.0
699,2023-11-28 16:58:23.472827,1701187103.472827,0.0,0.0,20.0
700,2023-11-28 16:58:23.482877,1701187103.482877,0.0,0.0,20.0
701,2023-11-28 16:58:23.492872,1701187103.492872,0.0,0.0,20.0
702,2023-11-28 16:58:23.502826,1701187103.502826,0.0,0.0,20.0
703,2023-11-28 16:58:23.512878,1701187103.512878,0.0,0.0,20.0
704,2023-11-28 16:58:23.522858,1701187103.522858,0.0,0.0,20.0
705,2023-11-28 16:58:23.532868,1701187103.532868,0.0,0.0,20.0
706,2023-11-28 16:58:23.542881,1701187103.542881,0.0,0.0,20.0
707,2023-11-28 16:58:23.552855,1701187103.552855,0.0,0.0,20.0
708,2023-11-28 16:58:23.562809,1701187103.562809,0.0,0.0,20.0
709,2023-11-28 16:58:23.572856,1701187103.572856,0.0,0.0,20.0
710,2023-11-28 16:58:23.582973,1701187103.582973,0.0,0.0,20.0
711,2023-11-28 16:58:23.592810,1701187103.59281,0.0,0.0,20.0
712,2023-11-28 16:58:23.602853,1701187103.602853,0.0,0.0,20.0
713,2023-11-28 16:58:23.612819,1701187103.612819,0.0,0.0,20.0
714,2023-11-28 16:58:23.622868,1701187103.622868,0.0,0.0,20.0
715,2023-11-28 16:58:23.632822,1701187103.632822,0.0,0.0,20.0
716,2023-11-28 16:58:23.642871,1701187103.642871,0.0,0.0,20.0
717,2023-11-28 16:58:23.652853,1701187103.652853,0.0,0.0,20.0
718,2023-11-28 16:58:23.662867,1701187103.662867,0.0,0.0,20.0
719,2023-11-28 16:58:23.672830,1701187103.67283,0.0,0.0,20.0
720,2023-11-28 16:58:23.682873,1701187103.682873,0.0,0.0,20.0
721,2023-11-28 16:58:23.692809,1701187103.692809,0.0,0.0,20.0
722,2023-11-28 16:58:23.702874,1701187103.702874,0.0,0.0,20.0
723,2023-11-28 16:58:23.712871,1701187103.712871,0.0,0.0,20.0
724,2023-11-28 16:58:23.722824,1701187103.722824,0.0,0.0,20.0
725,2023-11-28 16:58:23.732878,1701187103.732878,0.0,0.0,20.0
726,2023-11-28 16:58:23.742858,1701187103.742858,0.0,0.0,20.0
727,2023-11-28 16:58:23.754363,1701187103.754363,0.0,0.0,20.0
728,2023-11-28 16:58:23.766072,1701187103.766072,0.0,0.0,20.0
729,2023-11-28 16:58:23.777754,1701187103.777754,0.0,0.0,20.0
730,2023-11-28 16:58:23.787293,1701187103.787293,0.0,0.0,20.0
731,2023-11-28 16:58:23.799256,1701187103.799256,0.0,0.0,20.0
732,2023-11-28 16:58:23.810764,1701187103.810764,0.0,0.0,20.0
733,2023-11-28 16:58:23.822338,1701187103.822338,0.0,0.0,20.0
734,2023-11-28 16:58:23.832638,1701187103.832638,0.0,0.0,20.0
735,2023-11-28 16:58:23.841530,1701187103.84153,0.0,0.0,20.0
736,2023-11-28 16:58:23.852077,1701187103.852077,0.0,0.0,20.0
737,2023-11-28 16:58:23.860593,1701187103.860593,0.0,0.0,20.0
738,2023-11-28 16:58:23.869206,1701187103.869206,0.0,0.0,20.0
739,2023-11-28 16:58:23.878063,1701187103.878063,0.0,0.0,20.0
740,2023-11-28 16:58:23.889125,1701187103.889125,0.0,0.0,20.0
741,2023-11-28 16:58:23.900916,1701187103.900916,0.0,0.0,20.0
742,2023-11-28 16:58:23.912516,1701187103.912516,0.0,0.0,20.0
743,2023-11-28 16:58:23.921586,1701187103.921586,0.0,0.0,20.0
744,2023-11-28 16:58:23.930163,1701187103.930163,0.0,0.0,20.0
745,2023-11-28 16:58:23.939404,1701187103.939404,0.0,0.0,20.0
746,2023-11-28 16:58:23.947942,1701187103.947942,0.0,0.0,20.0
747,2023-11-28 16:58:23.956178,1701187103.956178,0.0,0.0,20.0
748,2023-11-28 16:58:23.964993,1701187103.964993,0.0,0.0,20.0
749,2023-11-28 16:58:23.976818,1701187103.976818,0.0,0.0,20.0
750,2023-11-28 16:58:23.987986,1701187103.987986,0.0,0.0,20.0
751,2023-11-28 16:58:23.999239,1701187103.999239,0.0,0.0,20.0
752,2023-11-28 16:58:24.007659,1701187104.007659,0.0,0.0,20.0
753,2023-11-28 16:58:24.018827,1701187104.018827,0.0,0.0,20.0
754,2023-11-28 16:58:24.030352,1701187104.030352,0.0,0.0,20.0
755,2023-11-28 16:58:24.042171,1701187104.042171,0.0,0.0,20.0
756,2023-11-28 16:58:24.052256,1701187104.052256,0.0,0.0,20.0
757,2023-11-28 16:58:24.060941,1701187104.060941,0.0,0.0,20.0
758,2023-11-28 16:58:24.071339,1701187104.071339,0.0,0.0,20.0
759,2023-11-28 16:58:24.082900,1701187104.0829,0.0,0.0,20.0
760,2023-11-28 16:58:24.094708,1701187104.094708,0.0,0.0,20.0
761,2023-11-28 16:58:24.105389,1701187104.105389,0.0,0.0,20.0
762,2023-11-28 16:58:24.117270,1701187104.11727,0.0,0.0,20.0
763,2023-11-28 16:58:24.129165,1701187104.129165,0.0,0.0,20.0
764,2023-11-28 16:58:24.140124,1701187104.140124,0.0,0.0,20.0
765,2023-11-28 16:58:24.151629,1701187104.151629,0.0,0.0,20.0
766,2023-11-28 16:58:24.161966,1701187104.161966,0.0,0.0,20.0
767,2023-11-28 16:58:24.173731,1701187104.173731,0.0,0.0,20.0
768,2023-11-28 16:58:24.183778,1701187104.183778,0.0,0.0,20.0
769,2023-11-28 16:58:24.194125,1701187104.194125,0.0,0.0,20.0
770,2023-11-28 16:58:24.205781,1701187104.205781,0.0,0.0,20.0
771,2023-11-28 16:58:24.216571,1701187104.216571,0.0,0.0,20.0
772,2023-11-28 16:58:24.227887,1701187104.227887,0.0,0.0,20.0
773,2023-11-28 16:58:24.239259,1701187104.239259,0.0,0.0,20.0
774,2023-11-28 16:58:24.250628,1701187104.250628,0.0,0.0,20.0
775,2023-11-28 16:58:24.262687,1701187104.262687,0.0,0.0,20.0
776,2023-11-28 16:58:24.274284,1701187104.274284,0.0,0.0,20.0
777,2023-11-28 16:58:24.286121,1701187104.286121,0.0,0.0,20.0
778,2023-11-28 16:58:24.298025,1701187104.298025,0.0,0.0,20.0
779,2023-11-28 16:58:24.308599,1701187104.308599,0.0,0.0,20.0
780,2023-11-28 16:58:24.320519,1701187104.320519,0.0,0.0,20.0
781,2023-11-28 16:58:24.331863,1701187104.331863,0.0,0.0,20.0
782,2023-11-28 16:58:24.343194,1701187104.343194,0.0,0.0,20.0
783,2023-11-28 16:58:24.354808,1701187104.354808,0.0,0.0,20.0
784,2023-11-28 16:58:24.366683,1701187104.366683,0.0,0.0,20.0
785,2023-11-28 16:58:24.377374,1701187104.377374,0.0,0.0,20.0
786,2023-11-28 16:58:24.388619,1701187104.388619,0.0,0.0,20.0
787,2023-11-28 16:58:24.397849,1701187104.397849,0.0,0.0,20.0
788,2023-11-28 16:58:24.406769,1701187104.406769,0.0,0.0,20.0
789,2023-11-28 16:58:24.415531,1701187104.415531,0.0,0.0,20.0
790,2023-11-28 16:58:24.424869,1701187104.424869,0.0,0.0,20.0
791,2023-11-28 16:58:24.434864,1701187104.434864,0.0,0.0,20.0
792,2023-11-28 16:58:24.445312,1701187104.445312,0.0,0.0,20.0
793,2023-11-28 16:58:24.454929,1701187104.454929,0.0,0.0,20.0
794,2023-11-28 16:58:24.464923,1701187104.464923,0.0,0.0,20.0
795,2023-11-28 16:58:24.474919,1701187104.474919,0.0,0.0,20.0
796,2023-11-28 16:58:24.486581,1701187104.486581,0.0,0.0,20.0
797,2023-11-28 16:58:24.497957,1701187104.497957,0.0,0.0,20.0
798,2023-11-28 16:58:24.509250,1701187104.50925,0.0,0.0,20.0
799,2023-11-28 16:58:24.517514,1701187104.517514,0.0,0.0,20.0
800,2023-11-28 16:58:24.525888,1701187104.525888,0.0,0.0,20.0
801,2023-11-28 16:58:24.537714,1701187104.537714,0.0,0.0,20.0
802,2023-11-28 16:58:24.546246,1701187104.546246,0.0,0.0,20.0
803,2023-11-28 16:58:24.554900,1701187104.5549,0.0,0.0,20.0
804,2023-11-28 16:58:24.564880,1701187104.56488,0.0,0.0,20.0
805,2023-11-28 16:58:24.575685,1701187104.575685,0.0,0.0,20.0
806,2023-11-28 16:58:24.587328,1701187104.587328,0.0,0.0,20.0
807,2023-11-28 16:58:24.597496,1701187104.597496,0.0,0.0,20.0
808,2023-11-28 16:58:24.609339,1701187104.609339,0.0,0.0,20.0
809,2023-11-28 16:58:24.620922,1701187104.620922,0.0,0.0,20.0
810,2023-11-28 16:58:24.630040,1701187104.63004,0.0,0.0,20.0
811,2023-11-28 16:58:24.638901,1701187104.638901,0.0,0.0,20.0
812,2023-11-28 16:58:24.646985,1701187104.646985,0.0,0.0,20.0
813,2023-11-28 16:58:24.655601,1701187104.655601,0.0,0.0,20.0
814,2023-11-28 16:58:24.667672,1701187104.667672,0.0,0.0,20.0
815,2023-11-28 16:58:24.678859,1701187104.678859,0.0,0.0,20.0
816,2023-11-28 16:58:24.689102,1701187104.689102,0.0,0.0,20.0
817,2023-11-28 16:58:24.698014,1701187104.698014,0.0,0.0,20.0
818,2023-11-28 16:58:24.706270,1701187104.70627,0.0,0.0,20.0
819,2023-11-28 16:58:24.715156,1701187104.715156,0.0,0.0,20.0
820,2023-11-28 16:58:24.725913,1701187104.725913,0.0,0.0,20.0
821,2023-11-28 16:58:24.734875,1701187104.734875,0.0,0.0,20.0
822,2023-11-28 16:58:24.746587,1701187104.746587,0.0,0.0,20.0
823,2023-11-28 16:58:24.755883,1701187104.755883,0.0,0.0,20.0
824,2023-11-28 16:58:24.765180,1701187104.76518,0.0,0.0,20.0
825,2023-11-28 16:58:24.774880,1701187104.77488,0.0,0.0,20.0
826,2023-11-28 16:58:24.784886,1701187104.784886,0.0,0.0,20.0
827,2023-11-28 16:58:24.794885,1701187104.794885,0.0,0.0,20.0
828,2023-11-28 16:58:24.804880,1701187104.80488,0.0,0.0,20.0
829,2023-11-28 16:58:24.814891,1701187104.814891,0.0,0.0,20.0
830,2023-11-28 16:58:24.824883,1701187104.824883,0.0,0.0,20.0
831,2023-11-28 16:58:24.834878,1701187104.834878,0.0,0.0,20.0
832,2023-11-28 16:58:24.844874,1701187104.844874,0.0,0.0,20.0
833,2023-11-28 16:58:24.854870,1701187104.85487,0.0,0.0,20.0
834,2023-11-28 16:58:24.864864,1701187104.864864,0.0,0.0,20.0
835,2023-11-28 16:58:24.877174,1701187104.877174,0.0,0.0,20.0
836,2023-11-28 16:58:24.890070,1701187104.89007,0.0,0.0,20.0
837,2023-11-28 16:58:24.898929,1701187104.898929,0.0,0.0,20.0
838,2023-11-28 16:58:24.908318,1701187104.908318,0.0,0.0,20.0
839,2023-11-28 16:58:24.917341,1701187104.917341,0.0,0.0,20.0
840,2023-11-28 16:58:24.927253,1701187104.927253,0.0,0.0,20.0
841,2023-11-28 16:58:24.938974,1701187104.938974,0.0,0.0,20.0
842,2023-11-28 16:58:24.950432,1701187104.950432,0.0,0.0,20.0
843,2023-11-28 16:58:24.960964,1701187104.960964,0.0,0.0,20.0
844,2023-11-28 16:58:24.970704,1701187104.970704,0.0,0.0,20.0
845,2023-11-28 16:58:24.980078,1701187104.980078,0.0,0.0,20.0
846,2023-11-28 16:58:24.990157,1701187104.990157,0.0,0.0,20.0
847,2023-11-28 16:58:25.000312,1701187105.000312,0.0,0.0,20.0
848,2023-11-28 16:58:25.010574,1701187105.010574,0.0,0.0,20.0
849,2023-11-28 16:58:25.022441,1701187105.022441,0.0,0.0,20.0
850,2023-11-28 16:58:25.033087,1701187105.033087,0.0,0.0,20.0
851,2023-11-28 16:58:25.044963,1701187105.044963,0.0,0.0,20.0
852,2023-11-28 16:58:25.054661,1701187105.054661,0.0,0.0,20.0
853,2023-11-28 16:58:25.063953,1701187105.063953,0.0,0.0,20.0
854,2023-11-28 16:58:25.074015,1701187105.074015,0.0,0.0,20.0
855,2023-11-28 16:58:25.082351,1701187105.082351,0.0,0.0,20.0
856,2023-11-28 16:58:25.094292,1701187105.094292,0.0,0.0,20.0
857,2023-11-28 16:58:25.105870,1701187105.10587,0.0,0.0,20.0
858,2023-11-28 16:58:25.116635,1701187105.116635,0.0,0.0,20.0
859,2023-11-28 16:58:25.128722,1701187105.128722,0.0,0.0,20.0
860,2023-11-28 16:58:25.137032,1701187105.137032,0.0,0.0,20.0
861,2023-11-28 16:58:25.146245,1701187105.146245,0.0,0.0,20.0
862,2023-11-28 16:58:25.158074,1701187105.158074,0.0,0.0,20.0
863,2023-11-28 16:58:25.166298,1701187105.166298,0.0,0.0,20.0
864,2023-11-28 16:58:25.174509,1701187105.174509,0.0,0.0,20.0
865,2023-11-28 16:58:25.184747,1701187105.184747,0.0,0.0,20.0
866,2023-11-28 16:58:25.193505,1701187105.193505,0.0,0.0,20.0
867,2023-11-28 16:58:25.202475,1701187105.202475,0.0,0.0,20.0
868,2023-11-28 16:58:25.214093,1701187105.214093,0.0,0.0,20.0
869,2023-11-28 16:58:25.224766,1701187105.224766,0.0,0.0,20.0
870,2023-11-28 16:58:25.236499,1701187105.236499,0.0,0.0,20.0
871,2023-11-28 16:58:25.247776,1701187105.247776,0.0,0.0,20.0
872,2023-11-28 16:58:25.259212,1701187105.259212,0.0,0.0,20.0
873,2023-11-28 16:58:25.267386,1701187105.267386,0.0,0.0,20.0
874,2023-11-28 16:58:25.275775,1701187105.275775,0.0,0.0,20.0
875,2023-11-28 16:58:25.284220,1701187105.28422,0.0,0.0,20.0
876,2023-11-28 16:58:25.295399,1701187105.295399,0.0,0.0,20.0
877,2023-11-28 16:58:25.303595,1701187105.303595,0.0,0.0,20.0
878,2023-11-28 16:58:25.314692,1701187105.314692,0.0,0.0,20.0
879,2023-11-28 16:58:25.323065,1701187105.323065,0.0,0.0,20.0
880,2023-11-28 16:58:25.331186,1701187105.331186,0.0,0.0,20.0
881,2023-11-28 16:58:25.340333,1701187105.340333,0.0,0.0,20.0
882,2023-11-28 16:58:25.352134,1701187105.352134,0.0,0.0,20.0
883,2023-11-28 16:58:25.361185,1701187105.361185,0.0,0.0,20.0
884,2023-11-28 16:58:25.372152,1701187105.372152,0.0,0.0,20.0
885,2023-11-28 16:58:25.381011,1701187105.381011,0.0,0.0,20.0
886,2023-11-28 16:58:25.391947,1701187105.391947,0.0,0.0,20.0
887,2023-11-28 16:58:25.403361,1701187105.403361,0.0,0.0,20.0
888,2023-11-28 16:58:25.411821,1701187105.411821,0.0,0.0,20.0
889,2023-11-28 16:58:25.422580,1701187105.42258,0.0,0.0,20.0
890,2023-11-28 16:58:25.430884,1701187105.430884,0.0,0.0,20.0
891,2023-11-28 16:58:25.439063,1701187105.439063,0.0,0.0,20.0
892,2023-11-28 16:58:25.448008,1701187105.448008,0.0,0.0,20.0
893,2023-11-28 16:58:25.457612,1701187105.457612,0.0,0.0,20.0
894,2023-11-28 16:58:25.466738,1701187105.466738,0.0,0.0,20.0
895,2023-11-28 16:58:25.477191,1701187105.477191,0.0,0.0,20.0
896,2023-11-28 16:58:25.485299,1701187105.485299,0.0,0.0,20.0
897,2023-11-28 16:58:25.494869,1701187105.494869,0.0,0.0,20.0
898,2023-11-28 16:58:25.504926,1701187105.504926,0.0,0.0,20.0
899,2023-11-28 16:58:25.514922,1701187105.514922,0.0,0.0,20.0
900,2023-11-28 16:58:25.524879,1701187105.524879,0.0,0.0,20.0
901,2023-11-28 16:58:25.536434,1701187105.536434,0.0,0.0,20.0
902,2023-11-28 16:58:25.547370,1701187105.54737,0.0,0.0,20.0
903,2023-11-28 16:58:25.559110,1701187105.55911,0.0,0.0,20.0
904,2023-11-28 16:58:25.570535,1701187105.570535,0.0,0.0,20.0
905,2023-11-28 16:58:25.582197,1701187105.582197,0.0,0.0,20.0
906,2023-11-28 16:58:25.591103,1701187105.591103,0.0,0.0,20.0
907,2023-11-28 16:58:25.599400,1701187105.5994,0.0,0.0,20.0
908,2023-11-28 16:58:25.607584,1701187105.607584,0.0,0.0,20.0
909,2023-11-28 16:58:25.619202,1701187105.619202,0.0,0.0,20.0
910,2023-11-28 16:58:25.628876,1701187105.628876,0.0,0.0,20.0
911,2023-11-28 16:58:25.639087,1701187105.639087,0.0,0.0,20.0
912,2023-11-28 16:58:25.650915,1701187105.650915,0.0,0.0,20.0
913,2023-11-28 16:58:25.661053,1701187105.661053,0.0,0.0,20.0
914,2023-11-28 16:58:25.672098,1701187105.672098,0.0,0.0,20.0
915,2023-11-28 16:58:25.680654,1701187105.680654,0.0,0.0,20.0
916,2023-11-28 16:58:25.689840,1701187105.68984,0.0,0.0,20.0
917,2023-11-28 16:58:25.698200,1701187105.6982,0.0,0.0,20.0
918,2023-11-28 16:58:25.706406,1701187105.706406,0.0,0.0,20.0
919,2023-11-28 16:58:25.716095,1701187105.716095,0.0,0.0,20.0
920,2023-11-28 16:58:25.726178,1701187105.726178,0.0,0.0,20.0
921,2023-11-28 16:58:25.737628,1701187105.737628,0.0,0.0,20.0
922,2023-11-28 16:58:25.748844,1701187105.748844,0.0,0.0,20.0
923,2023-11-28 16:58:25.760351,1701187105.760351,0.0,0.0,20.0
924,2023-11-28 16:58:25.771916,1701187105.771916,0.0,0.0,20.0
925,2023-11-28 16:58:25.782240,1701187105.78224,0.0,0.0,20.0
926,2023-11-28 16:58:25.793776,1701187105.793776,0.0,0.0,20.0
927,2023-11-28 16:58:25.804615,1701187105.804615,0.0,0.0,20.0
928,2023-11-28 16:58:25.812823,1701187105.812823,0.0,0.0,20.0
929,2023-11-28 16:58:25.821187,1701187105.821187,0.0,0.0,20.0
930,2023-11-28 16:58:25.831689,1701187105.831689,0.0,0.0,20.0
931,2023-11-28 16:58:25.842950,1701187105.84295,0.0,0.0,20.0
932,2023-11-28 16:58:25.854754,1701187105.854754,0.0,0.0,20.0
933,2023-11-28 16:58:25.863967,1701187105.863967,0.0,0.0,20.0
934,2023-11-28 16:58:25.872471,1701187105.872471,0.0,0.0,20.0
935,2023-11-28 16:58:25.884404,1701187105.884404,0.0,0.0,20.0
936,2023-11-28 16:58:25.894261,1701187105.894261,0.0,0.0,20.0
937,2023-11-28 16:58:25.904135,1701187105.904135,0.0,0.0,20.0
938,2023-11-28 16:58:25.913002,1701187105.913002,0.0,0.0,20.0
939,2023-11-28 16:58:25.921261,1701187105.921261,0.0,0.0,20.0
940,2023-11-28 16:58:25.933336,1701187105.933336,0.0,0.0,20.0
941,2023-11-28 16:58:25.944355,1701187105.944355,0.0,0.0,20.0
942,2023-11-28 16:58:25.955961,1701187105.955961,0.0,0.0,20.0
943,2023-11-28 16:58:25.966201,1701187105.966201,0.0,0.0,20.0
944,2023-11-28 16:58:25.977838,1701187105.977838,0.0,0.0,20.0
945,2023-11-28 16:58:25.989659,1701187105.989659,0.0,0.0,20.0
946,2023-11-28 16:58:26.000678,1701187106.000678,0.0,0.0,20.0
947,2023-11-28 16:58:26.010383,1701187106.010383,0.0,0.0,20.0
948,2023-11-28 16:58:26.019831,1701187106.019831,0.0,0.0,20.0
949,2023-11-28 16:58:26.028462,1701187106.028462,0.0,0.0,20.0
950,2023-11-28 16:58:26.036755,1701187106.036755,0.0,0.0,20.0
951,2023-11-28 16:58:26.047092,1701187106.047092,0.0,0.0,20.0
952,2023-11-28 16:58:26.056281,1701187106.056281,0.0,0.0,20.0
953,2023-11-28 16:58:26.066029,1701187106.066029,0.0,0.0,20.0
954,2023-11-28 16:58:26.076570,1701187106.07657,0.0,0.0,20.0
955,2023-11-28 16:58:26.085099,1701187106.085099,0.0,0.0,20.0
956,2023-11-28 16:58:26.093509,1701187106.093509,0.0,0.0,20.0
957,2023-11-28 16:58:26.105459,1701187106.105459,0.0,0.0,20.0
958,2023-11-28 16:58:26.113867,1701187106.113867,0.0,0.0,20.0
959,2023-11-28 16:58:26.125046,1701187106.125046,0.0,0.0,20.0
960,2023-11-28 16:58:26.133200,1701187106.1332,0.0,0.0,20.0
961,2023-11-28 16:58:26.141661,1701187106.141661,0.0,0.0,20.0
962,2023-11-28 16:58:26.152034,1701187106.152034,0.0,0.0,20.0
963,2023-11-28 16:58:26.160714,1701187106.160714,0.0,0.0,20.0
964,2023-11-28 16:58:26.168798,1701187106.168798,0.0,0.0,20.0
965,2023-11-28 16:58:26.180496,1701187106.180496,0.0,0.0,20.0
966,2023-11-28 16:58:26.188866,1701187106.188866,0.0,0.0,20.0
967,2023-11-28 16:58:26.196998,1701187106.196998,0.0,0.0,20.0
968,2023-11-28 16:58:26.206722,1701187106.206722,0.0,0.0,20.0
969,2023-11-28 16:58:26.218446,1701187106.218446,0.0,0.0,20.0
970,2023-11-28 16:58:26.229986,1701187106.229986,0.0,0.0,20.0
971,2023-11-28 16:58:26.238792,1701187106.238792,0.0,0.0,20.0
972,2023-11-28 16:58:26.247570,1701187106.24757,0.0,0.0,20.0
973,2023-11-28 16:58:26.255921,1701187106.255921,0.0,0.0,20.0
974,2023-11-28 16:58:26.267281,1701187106.267281,0.0,0.0,20.0
975,2023-11-28 16:58:26.276386,1701187106.276386,0.0,0.0,20.0
976,2023-11-28 16:58:26.287310,1701187106.28731,0.0,0.0,20.0
977,2023-11-28 16:58:26.295412,1701187106.295412,0.0,0.0,20.0
978,2023-11-28 16:58:26.304883,1701187106.304883,0.0,0.0,20.0
979,2023-11-28 16:58:26.315649,1701187106.315649,0.0,0.0,20.0
980,2023-11-28 16:58:26.325719,1701187106.325719,0.0,0.0,20.0
981,2023-11-28 16:58:26.335502,1701187106.335502,0.0,0.0,20.0
982,2023-11-28 16:58:26.344876,1701187106.344876,0.0,0.0,20.0
983,2023-11-28 16:58:26.354932,1701187106.354932,0.0,0.0,20.0
984,2023-11-28 16:58:26.364892,1701187106.364892,0.0,0.0,20.0
985,2023-11-28 16:58:26.376032,1701187106.376032,0.0,0.0,20.0
986,2023-11-28 16:58:26.384932,1701187106.384932,0.0,0.0,20.0
987,2023-11-28 16:58:26.396432,1701187106.396432,0.0,0.0,20.0
988,2023-11-28 16:58:26.407628,1701187106.407628,0.0,0.0,20.0
989,2023-11-28 16:58:26.419014,1701187106.419014,0.0,0.0,20.0
990,2023-11-28 16:58:26.430643,1701187106.430643,0.0,0.0,20.0
991,2023-11-28 16:58:26.442280,1701187106.44228,0.0,0.0,20.0
992,2023-11-28 16:58:26.452868,1701187106.452868,0.0,0.0,20.0
993,2023-11-28 16:58:26.462904,1701187106.462904,0.0,0.0,20.0
994,2023-11-28 16:58:26.471220,1701187106.47122,0.0,0.0,20.0
995,2023-11-28 16:58:26.482365,1701187106.482365,0.0,0.0,20.0
996,2023-11-28 16:58:26.494259,1701187106.494259,0.0,0.0,20.0
997,2023-11-28 16:58:26.502715,1701187106.502715,0.0,0.0,20.0
998,2023-11-28 16:58:26.510837,1701187106.510837,0.0,0.0,20.0
999,2023-11-28 16:58:26.519133,1701187106.519133,0.0,0.0,20.0
1000,2023-11-28 16:58:26.530144,1701187106.530144,0.0,0.0,20.0
1001,2023-11-28 16:58:26.539976,1701187106.539976,0.0,0.0,20.0
1002,2023-11-28 16:58:26.548224,1701187106.548224,0.0,0.0,20.0
1003,2023-11-28 16:58:26.559277,1701187106.559277,0.0,0.0,20.0
1004,2023-11-28 16:58:26.568042,1701187106.568042,0.0,0.0,20.0
1005,2023-11-28 16:58:26.576143,1701187106.576143,0.0,0.0,20.0
1006,2023-11-28 16:58:26.587660,1701187106.58766,0.0,0.0,20.0
1007,2023-11-28 16:58:26.596901,1701187106.596901,0.0,0.0,20.0
1008,2023-11-28 16:58:26.606756,1701187106.606756,0.0,0.0,20.0
1009,2023-11-28 16:58:26.615354,1701187106.615354,0.0,0.0,20.0
1010,2023-11-28 16:58:26.624866,1701187106.624866,0.0,0.0,20.0
1011,2023-11-28 16:58:26.634861,1701187106.634861,0.0,0.0,20.0
1012,2023-11-28 16:58:26.644957,1701187106.644957,0.0,0.0,20.0
1013,2023-11-28 16:58:26.654929,1701187106.654929,0.0,0.0,20.0
1014,2023-11-28 16:58:26.664926,1701187106.664926,0.0,0.0,20.0
1015,2023-11-28 16:58:26.674894,1701187106.674894,0.0,0.0,20.0
1016,2023-11-28 16:58:26.684937,1701187106.684937,0.0,0.0,20.0
1017,2023-11-28 16:58:26.694912,1701187106.694912,0.0,0.0,20.0
1018,2023-11-28 16:58:26.704888,1701187106.704888,0.0,0.0,20.0
1019,2023-11-28 16:58:26.714935,1701187106.714935,0.0,0.0,20.0
1020,2023-11-28 16:58:26.724908,1701187106.724908,0.0,0.0,20.0
1021,2023-11-28 16:58:26.734871,1701187106.734871,0.0,0.0,20.0
1022,2023-11-28 16:58:26.744929,1701187106.744929,0.0,0.0,20.0
1023,2023-11-28 16:58:26.754927,1701187106.754927,0.0,0.0,20.0
1024,2023-11-28 16:58:26.764879,1701187106.764879,0.0,0.0,20.0
1025,2023-11-28 16:58:26.774922,1701187106.774922,0.0,0.0,20.0
1026,2023-11-28 16:58:26.784922,1701187106.784922,0.0,0.0,20.0
1027,2023-11-28 16:58:26.794923,1701187106.794923,0.0,0.0,20.0
1028,2023-11-28 16:58:26.806452,1701187106.806452,0.0,0.0,20.0
1029,2023-11-28 16:58:26.815399,1701187106.815399,0.0,0.0,20.0
1030,2023-11-28 16:58:26.827289,1701187106.827289,0.0,0.0,20.0
1031,2023-11-28 16:58:26.836472,1701187106.836472,0.0,0.0,20.0
1032,2023-11-28 16:58:26.844859,1701187106.844859,0.0,0.0,20.0
1033,2023-11-28 16:58:26.854908,1701187106.854908,0.0,0.0,20.0
1034,2023-11-28 16:58:26.866681,1701187106.866681,0.0,0.0,20.0
1035,2023-11-28 16:58:26.878477,1701187106.878477,0.0,0.0,20.0
1036,2023-11-28 16:58:26.889794,1701187106.889794,0.0,0.0,20.0
1037,2023-11-28 16:58:26.899979,1701187106.899979,0.0,0.0,20.0
1038,2023-11-28 16:58:26.911858,1701187106.911858,0.0,0.0,20.0
1039,2023-11-28 16:58:26.923234,1701187106.923234,0.0,0.0,20.0
1040,2023-11-28 16:58:26.935040,1701187106.93504,0.0,0.0,20.0
1041,2023-11-28 16:58:26.946407,1701187106.946407,0.0,0.0,20.0
1042,2023-11-28 16:58:26.958304,1701187106.958304,0.0,0.0,20.0
1043,2023-11-28 16:58:26.968905,1701187106.968905,0.0,0.0,20.0
1044,2023-11-28 16:58:26.980506,1701187106.980506,0.0,0.0,20.0
1045,2023-11-28 16:58:26.991966,1701187106.991966,0.0,0.0,20.0
1046,2023-11-28 16:58:27.003315,1701187107.003315,0.0,0.0,20.0
1047,2023-11-28 16:58:27.015029,1701187107.015029,0.0,0.0,20.0
1048,2023-11-28 16:58:27.026703,1701187107.026703,0.0,0.0,20.0
1049,2023-11-28 16:58:27.038421,1701187107.038421,0.0,0.0,20.0
1050,2023-11-28 16:58:27.050226,1701187107.050226,0.0,0.0,20.0
1051,2023-11-28 16:58:27.060873,1701187107.060873,0.0,0.0,20.0
1052,2023-11-28 16:58:27.072788,1701187107.072788,0.0,0.0,20.0
1053,2023-11-28 16:58:27.083997,1701187107.083997,0.0,0.0,20.0
1054,2023-11-28 16:58:27.094456,1701187107.094456,0.0,0.0,20.0
1055,2023-11-28 16:58:27.105093,1701187107.105093,0.0,0.0,20.0
1056,2023-11-28 16:58:27.115981,1701187107.115981,0.0,0.0,20.0
1057,2023-11-28 16:58:27.127383,1701187107.127383,0.0,0.0,20.0
1058,2023-11-28 16:58:27.135774,1701187107.135774,0.0,0.0,20.0
1059,2023-11-28 16:58:27.145075,1701187107.145075,0.0,0.0,20.0
1060,2023-11-28 16:58:27.156920,1701187107.15692,0.0,0.0,20.0
1061,2023-11-28 16:58:27.166628,1701187107.166628,0.0,0.0,20.0
1062,2023-11-28 16:58:27.177425,1701187107.177425,0.0,0.0,20.0
1063,2023-11-28 16:58:27.185906,1701187107.185906,0.0,0.0,20.0
1064,2023-11-28 16:58:27.194254,1701187107.194254,0.0,0.0,20.0
1065,2023-11-28 16:58:27.205155,1701187107.205155,0.0,0.0,20.0
1066,2023-11-28 16:58:27.216148,1701187107.216148,0.0,0.0,20.0
1067,2023-11-28 16:58:27.226304,1701187107.226304,0.0,0.0,20.0
1068,2023-11-28 16:58:27.238202,1701187107.238202,0.0,0.0,20.0
1069,2023-11-28 16:58:27.248776,1701187107.248776,0.0,0.0,20.0
1070,2023-11-28 16:58:27.259439,1701187107.259439,0.0,0.0,20.0
1071,2023-11-28 16:58:27.269801,1701187107.269801,0.0,0.0,20.0
1072,2023-11-28 16:58:27.279433,1701187107.279433,0.0,0.0,20.0
1073,2023-11-28 16:58:27.290515,1701187107.290515,0.0,0.0,20.0
1074,2023-11-28 16:58:27.300023,1701187107.300023,0.0,0.0,20.0
1075,2023-11-28 16:58:27.309982,1701187107.309982,0.0,0.0,20.0
1076,2023-11-28 16:58:27.318951,1701187107.318951,0.0,0.0,20.0
1077,2023-11-28 16:58:27.327239,1701187107.327239,0.0,0.0,20.0
1078,2023-11-28 16:58:27.335924,1701187107.335924,0.0,0.0,20.0
1079,2023-11-28 16:58:27.345869,1701187107.345869,0.0,0.0,20.0
1080,2023-11-28 16:58:27.356751,1701187107.356751,0.0,0.0,20.0
1081,2023-11-28 16:58:27.365631,1701187107.365631,0.0,0.0,20.0
1082,2023-11-28 16:58:27.374835,1701187107.374835,0.0,0.0,20.0
1083,2023-11-28 16:58:27.383792,1701187107.383792,0.0,0.0,20.0
1084,2023-11-28 16:58:27.393967,1701187107.393967,0.0,0.0,20.0
1085,2023-11-28 16:58:27.403060,1701187107.40306,0.0,0.0,20.0
1086,2023-11-28 16:58:27.411874,1701187107.411874,0.0,0.0,20.0
1087,2023-11-28 16:58:27.421715,1701187107.421715,0.0,0.0,20.0
1088,2023-11-28 16:58:27.430806,1701187107.430806,0.0,0.0,20.0
1089,2023-11-28 16:58:27.439768,1701187107.439768,0.0,0.0,20.0
1090,2023-11-28 16:58:27.449617,1701187107.449617,0.0,0.0,20.0
1091,2023-11-28 16:58:27.458974,1701187107.458974,0.0,0.0,20.0
1092,2023-11-28 16:58:27.468651,1701187107.468651,0.0,0.0,20.0
1093,2023-11-28 16:58:27.477577,1701187107.477577,0.0,0.0,20.0
1094,2023-11-28 16:58:27.486618,1701187107.486618,0.0,0.0,20.0
1095,2023-11-28 16:58:27.495800,1701187107.4958,0.0,0.0,20.0
1096,2023-11-28 16:58:27.505759,1701187107.505759,0.0,0.0,20.0
1097,2023-11-28 16:58:27.515078,1701187107.515078,0.0,0.0,20.0
1098,2023-11-28 16:58:27.525075,1701187107.525075,0.0,0.0,20.0
1099,2023-11-28 16:58:27.535074,1701187107.535074,0.0,0.0,20.0
1100,2023-11-28 16:58:27.545073,1701187107.545073,0.0,0.0,20.0
1101,2023-11-28 16:58:27.555087,1701187107.555087,0.0,0.0,20.0
1102,2023-11-28 16:58:27.565134,1701187107.565134,0.0,0.0,20.0
1103,2023-11-28 16:58:27.575104,1701187107.575104,0.0,0.0,20.0
1104,2023-11-28 16:58:27.585725,1701187107.585725,0.0,0.0,20.0
1105,2023-11-28 16:58:27.595151,1701187107.595151,0.0,0.0,20.0
1106,2023-11-28 16:58:27.605129,1701187107.605129,0.0,0.0,20.0
1107,2023-11-28 16:58:27.616954,1701187107.616954,0.0,0.0,20.0
1108,2023-11-28 16:58:27.625093,1701187107.625093,0.0,0.0,20.0
1109,2023-11-28 16:58:27.635433,1701187107.635433,0.0,0.0,20.0
1110,2023-11-28 16:58:27.645090,1701187107.64509,0.0,0.0,20.0
1111,2023-11-28 16:58:27.655124,1701187107.655124,0.0,0.0,20.0
1112,2023-11-28 16:58:27.665158,1701187107.665158,0.0,0.0,20.0
1113,2023-11-28 16:58:27.675154,1701187107.675154,0.0,0.0,20.0
1114,2023-11-28 16:58:27.685095,1701187107.685095,0.0,0.0,20.0
1115,2023-11-28 16:58:27.695105,1701187107.695105,0.0,0.0,20.0
1116,2023-11-28 16:58:27.705125,1701187107.705125,0.0,0.0,20.0
1117,2023-11-28 16:58:27.715098,1701187107.715098,0.0,0.0,20.0
1118,2023-11-28 16:58:27.725443,1701187107.725443,0.0,0.0,20.0
1119,2023-11-28 16:58:27.735139,1701187107.735139,0.0,0.0,20.0
1120,2023-11-28 16:58:27.746809,1701187107.746809,0.0,0.0,20.0
1121,2023-11-28 16:58:27.755185,1701187107.755185,0.0,0.0,20.0
1122,2023-11-28 16:58:27.765092,1701187107.765092,0.0,0.0,20.0
1123,2023-11-28 16:58:27.775703,1701187107.775703,0.0,0.0,20.0
1124,2023-11-28 16:58:27.785086,1701187107.785086,0.0,0.0,20.0
1125,2023-11-28 16:58:27.795150,1701187107.79515,0.0,0.0,20.0
1126,2023-11-28 16:58:27.805146,1701187107.805146,0.0,0.0,20.0
1127,2023-11-28 16:58:27.815145,1701187107.815145,0.0,0.0,20.0
1128,2023-11-28 16:58:27.825104,1701187107.825104,0.0,0.0,20.0
1129,2023-11-28 16:58:27.835121,1701187107.835121,0.0,0.0,20.0
1130,2023-11-28 16:58:27.845089,1701187107.845089,0.0,0.0,20.0
1131,2023-11-28 16:58:27.855111,1701187107.855111,0.0,0.0,20.0
1132,2023-11-28 16:58:27.865145,1701187107.865145,0.0,0.0,20.0
1133,2023-11-28 16:58:27.875145,1701187107.875145,0.0,0.0,20.0
1134,2023-11-28 16:58:27.886333,1701187107.886333,0.0,0.0,20.0
1135,2023-11-28 16:58:27.896056,1701187107.896056,0.0,0.0,20.0
1136,2023-11-28 16:58:27.906911,1701187107.906911,0.0,0.0,20.0
1137,2023-11-28 16:58:27.917468,1701187107.917468,0.0,0.0,20.0
1138,2023-11-28 16:58:27.927575,1701187107.927575,0.0,0.0,20.0
1139,2023-11-28 16:58:27.939225,1701187107.939225,0.0,0.0,20.0
1140,2023-11-28 16:58:27.949595,1701187107.949595,0.0,0.0,20.0
