counter,datetime,timestamp,yaw_des,pitch_des,roll_des
0,2023-11-28 17:29:19.971784,1701188959.971784,0.0,0.0,0.0
1,2023-11-28 17:29:19.981923,1701188959.981923,0.0,0.0,0.0
2,2023-11-28 17:29:19.991865,1701188959.991865,0.0,0.0,0.0
3,2023-11-28 17:29:20.001884,1701188960.001884,0.0,0.0,0.0
4,2023-11-28 17:29:20.011879,1701188960.011879,0.0,0.0,0.0
5,2023-11-28 17:29:20.021866,1701188960.021866,0.0,0.0,0.0
6,2023-11-28 17:29:20.033451,1701188960.033451,0.0,0.0,0.0
7,2023-11-28 17:29:20.045003,1701188960.045003,0.0,0.0,0.0
8,2023-11-28 17:29:20.056476,1701188960.056476,0.0,0.0,0.0
9,2023-11-28 17:29:20.066089,1701188960.066089,0.0,0.0,0.0
10,2023-11-28 17:29:20.077516,1701188960.077516,0.0,0.0,0.0
11,2023-11-28 17:29:20.089042,1701188960.089042,0.0,0.0,0.0
12,2023-11-28 17:29:20.100286,1701188960.100286,0.0,0.0,0.0
13,2023-11-28 17:29:20.110419,1701188960.110419,0.0,0.0,0.0
14,2023-11-28 17:29:20.121864,1701188960.121864,0.0,0.0,0.0
15,2023-11-28 17:29:20.133683,1701188960.133683,0.0,0.0,0.0
16,2023-11-28 17:29:20.145042,1701188960.145042,0.0,0.0,0.0
17,2023-11-28 17:29:20.156850,1701188960.15685,0.0,0.0,0.0
18,2023-11-28 17:29:20.168268,1701188960.168268,0.0,0.0,0.0
19,2023-11-28 17:29:20.179255,1701188960.179255,0.0,0.0,0.0
20,2023-11-28 17:29:20.190839,1701188960.190839,0.0,0.0,0.0
21,2023-11-28 17:29:20.200935,1701188960.200935,0.0,0.0,0.0
22,2023-11-28 17:29:20.212783,1701188960.212783,0.0,0.0,0.0
23,2023-11-28 17:29:20.224006,1701188960.224006,0.0,0.0,0.0
24,2023-11-28 17:29:20.233992,1701188960.233992,0.0,0.0,0.0
25,2023-11-28 17:29:20.243519,1701188960.243519,0.0,0.0,0.0
26,2023-11-28 17:29:20.253460,1701188960.25346,0.0,0.0,0.0
27,2023-11-28 17:29:20.263471,1701188960.263471,0.0,0.0,0.0
28,2023-11-28 17:29:20.273606,1701188960.273606,0.0,0.0,0.0
29,2023-11-28 17:29:20.283947,1701188960.283947,0.0,0.0,0.0
30,2023-11-28 17:29:20.295184,1701188960.295184,0.0,0.0,0.0
31,2023-11-28 17:29:20.305372,1701188960.305372,0.0,0.0,0.0
32,2023-11-28 17:29:20.317251,1701188960.317251,0.0,0.0,0.0
33,2023-11-28 17:29:20.326675,1701188960.326675,0.0,0.0,0.0
34,2023-11-28 17:29:20.336661,1701188960.336661,0.0,0.0,0.0
35,2023-11-28 17:29:20.344932,1701188960.344932,0.0,0.0,0.0
36,2023-11-28 17:29:20.352897,1701188960.352897,0.0,0.0,0.0
37,2023-11-28 17:29:20.362827,1701188960.362827,0.0,0.0,0.0
38,2023-11-28 17:29:20.373296,1701188960.373296,0.0,0.0,0.0
39,2023-11-28 17:29:20.383997,1701188960.383997,0.0,0.0,0.0
40,2023-11-28 17:29:20.394971,1701188960.394971,0.0,0.0,0.0
41,2023-11-28 17:29:20.406467,1701188960.406467,0.0,0.0,0.0
42,2023-11-28 17:29:20.416720,1701188960.41672,0.0,0.0,0.0
43,2023-11-28 17:29:20.428373,1701188960.428373,0.0,0.0,0.0
44,2023-11-28 17:29:20.439397,1701188960.439397,0.0,0.0,0.0
45,2023-11-28 17:29:20.449280,1701188960.44928,0.0,0.0,0.0
46,2023-11-28 17:29:20.459383,1701188960.459383,0.0,0.0,0.0
47,2023-11-28 17:29:20.469465,1701188960.469465,0.0,0.0,0.0
48,2023-11-28 17:29:20.480366,1701188960.480366,0.0,0.0,0.0
49,2023-11-28 17:29:20.490176,1701188960.490176,0.0,0.0,0.0
50,2023-11-28 17:29:20.500553,1701188960.500553,0.0,0.0,0.0
51,2023-11-28 17:29:20.511734,1701188960.511734,0.0,0.0,0.0
52,2023-11-28 17:29:20.523029,1701188960.523029,0.0,0.0,0.0
53,2023-11-28 17:29:20.533773,1701188960.533773,0.0,0.0,0.0
54,2023-11-28 17:29:20.545167,1701188960.545167,0.0,0.0,0.0
55,2023-11-28 17:29:20.558051,1701188960.558051,0.0,0.0,0.0
56,2023-11-28 17:29:20.568588,1701188960.568588,0.0,0.0,0.0
57,2023-11-28 17:29:20.579735,1701188960.579735,0.0,0.0,0.0
58,2023-11-28 17:29:20.588486,1701188960.588486,0.0,0.0,0.0
59,2023-11-28 17:29:20.596580,1701188960.59658,0.0,0.0,0.0
60,2023-11-28 17:29:20.607958,1701188960.607958,0.0,0.0,0.0
61,2023-11-28 17:29:20.619927,1701188960.619927,0.0,0.0,0.0
62,2023-11-28 17:29:20.629696,1701188960.629696,0.0,0.0,0.0
63,2023-11-28 17:29:20.641307,1701188960.641307,0.0,0.0,0.0
64,2023-11-28 17:29:20.651469,1701188960.651469,0.0,0.0,0.0
65,2023-11-28 17:29:20.661759,1701188960.661759,0.0,0.0,0.0
66,2023-11-28 17:29:20.673479,1701188960.673479,0.0,0.0,0.0
67,2023-11-28 17:29:20.684136,1701188960.684136,0.0,0.0,0.0
68,2023-11-28 17:29:20.695246,1701188960.695246,0.0,0.0,0.0
69,2023-11-28 17:29:20.705379,1701188960.705379,0.0,0.0,0.0
70,2023-11-28 17:29:20.716038,1701188960.716038,0.0,0.0,0.0
71,2023-11-28 17:29:20.727535,1701188960.727535,0.0,0.0,0.0
72,2023-11-28 17:29:20.737607,1701188960.737607,0.0,0.0,0.0
73,2023-11-28 17:29:20.749336,1701188960.749336,0.0,0.0,0.0
74,2023-11-28 17:29:20.760779,1701188960.760779,0.0,0.0,0.0
75,2023-11-28 17:29:20.770374,1701188960.770374,0.0,0.0,0.0
76,2023-11-28 17:29:20.780392,1701188960.780392,0.0,0.0,0.0
77,2023-11-28 17:29:20.791281,1701188960.791281,0.0,0.0,0.0
78,2023-11-28 17:29:20.801632,1701188960.801632,0.0,0.0,0.0
79,2023-11-28 17:29:20.812308,1701188960.812308,0.0,0.0,0.0
80,2023-11-28 17:29:20.820233,1701188960.820233,0.0,0.0,0.0
81,2023-11-28 17:29:20.828650,1701188960.82865,0.0,0.0,0.0
82,2023-11-28 17:29:20.838247,1701188960.838247,0.0,0.0,0.0
83,2023-11-28 17:29:20.846266,1701188960.846266,0.0,0.0,0.0
84,2023-11-28 17:29:20.857480,1701188960.85748,0.0,0.0,0.0
85,2023-11-28 17:29:20.867478,1701188960.867478,0.0,0.0,0.0
86,2023-11-28 17:29:20.877445,1701188960.877445,0.0,0.0,0.0
87,2023-11-28 17:29:20.889010,1701188960.88901,0.0,0.0,0.0
88,2023-11-28 17:29:20.899633,1701188960.899633,0.0,0.0,0.0
89,2023-11-28 17:29:20.910880,1701188960.91088,0.0,0.0,0.0
90,2023-11-28 17:29:20.919890,1701188960.91989,0.0,0.0,0.0
91,2023-11-28 17:29:20.930742,1701188960.930742,0.0,0.0,0.0
92,2023-11-28 17:29:20.942027,1701188960.942027,0.0,0.0,0.0
93,2023-11-28 17:29:20.952683,1701188960.952683,0.0,0.0,0.0
94,2023-11-28 17:29:20.961967,1701188960.961967,0.0,0.0,0.0
95,2023-11-28 17:29:20.973209,1701188960.973209,0.0,0.0,0.0
96,2023-11-28 17:29:20.983918,1701188960.983918,0.0,0.0,0.0
97,2023-11-28 17:29:20.995486,1701188960.995486,0.0,0.0,0.0
98,2023-11-28 17:29:21.006551,1701188961.006551,0.0,0.0,0.0
99,2023-11-28 17:29:21.018041,1701188961.018041,0.0,0.0,0.0
100,2023-11-28 17:29:21.027322,1701188961.027322,0.0,0.0,0.0
101,2023-11-28 17:29:21.036133,1701188961.036133,0.0,0.0,0.0
102,2023-11-28 17:29:21.045265,1701188961.045265,0.0,0.0,0.0
103,2023-11-28 17:29:21.054434,1701188961.054434,0.0,0.0,0.0
104,2023-11-28 17:29:21.063132,1701188961.063132,0.0,0.0,0.0
105,2023-11-28 17:29:21.072777,1701188961.072777,0.0,0.0,0.0
106,2023-11-28 17:29:21.081655,1701188961.081655,0.0,0.0,0.0
107,2023-11-28 17:29:21.090416,1701188961.090416,0.0,0.0,0.0
108,2023-11-28 17:29:21.099467,1701188961.099467,0.0,0.0,0.0
109,2023-11-28 17:29:21.108369,1701188961.108369,0.0,0.0,0.0
110,2023-11-28 17:29:21.117186,1701188961.117186,0.0,0.0,0.0
111,2023-11-28 17:29:21.128562,1701188961.128562,0.0,0.0,0.0
112,2023-11-28 17:29:21.137293,1701188961.137293,0.0,0.0,0.0
113,2023-11-28 17:29:21.146074,1701188961.146074,0.0,0.0,0.0
114,2023-11-28 17:29:21.155738,1701188961.155738,0.0,0.0,0.0
115,2023-11-28 17:29:21.164469,1701188961.164469,0.0,0.0,0.0
116,2023-11-28 17:29:21.173541,1701188961.173541,0.0,0.0,0.0
117,2023-11-28 17:29:21.183538,1701188961.183538,0.0,0.0,0.0
118,2023-11-28 17:29:21.193572,1701188961.193572,0.0,0.0,0.0
119,2023-11-28 17:29:21.203601,1701188961.203601,0.0,0.0,0.0
120,2023-11-28 17:29:21.213569,1701188961.213569,0.0,0.0,0.0
121,2023-11-28 17:29:21.223593,1701188961.223593,0.0,0.0,0.0
122,2023-11-28 17:29:21.233533,1701188961.233533,0.0,0.0,0.0
123,2023-11-28 17:29:21.243597,1701188961.243597,0.0,0.0,0.0
124,2023-11-28 17:29:21.253598,1701188961.253598,0.0,0.0,0.0
125,2023-11-28 17:29:21.263613,1701188961.263613,0.0,0.0,0.0
126,2023-11-28 17:29:21.273586,1701188961.273586,0.0,0.0,0.0
127,2023-11-28 17:29:21.283540,1701188961.28354,0.0,0.0,0.0
128,2023-11-28 17:29:21.293588,1701188961.293588,0.0,0.0,0.0
129,2023-11-28 17:29:21.303604,1701188961.303604,0.0,0.0,0.0
130,2023-11-28 17:29:21.313597,1701188961.313597,0.0,0.0,0.0
131,2023-11-28 17:29:21.324920,1701188961.32492,0.0,0.0,0.0
132,2023-11-28 17:29:21.334583,1701188961.334583,0.0,0.0,0.0
133,2023-11-28 17:29:21.343694,1701188961.343694,0.0,0.0,0.0
134,2023-11-28 17:29:21.353535,1701188961.353535,0.0,0.0,0.0
135,2023-11-28 17:29:21.363553,1701188961.363553,0.0,0.0,0.0
136,2023-11-28 17:29:21.373545,1701188961.373545,0.0,0.0,0.0
137,2023-11-28 17:29:21.383537,1701188961.383537,0.0,0.0,0.0
138,2023-11-28 17:29:21.393536,1701188961.393536,0.0,0.0,0.0
139,2023-11-28 17:29:21.403529,1701188961.403529,0.0,0.0,0.0
140,2023-11-28 17:29:21.413573,1701188961.413573,0.0,0.0,0.0
141,2023-11-28 17:29:21.423555,1701188961.423555,0.0,0.0,0.0
142,2023-11-28 17:29:21.434545,1701188961.434545,0.0,0.0,0.0
143,2023-11-28 17:29:21.443576,1701188961.443576,0.0,0.0,0.0
144,2023-11-28 17:29:21.453654,1701188961.453654,0.0,0.0,0.0
145,2023-11-28 17:29:21.464031,1701188961.464031,0.0,0.0,0.0
146,2023-11-28 17:29:21.475153,1701188961.475153,0.0,0.0,0.0
147,2023-11-28 17:29:21.485401,1701188961.485401,0.0,0.0,0.0
148,2023-11-28 17:29:21.496013,1701188961.496013,0.0,0.0,0.0
149,2023-11-28 17:29:21.507259,1701188961.507259,0.0,0.0,0.0
150,2023-11-28 17:29:21.517354,1701188961.517354,0.0,0.0,0.0
151,2023-11-28 17:29:21.528894,1701188961.528894,0.0,0.0,0.0
152,2023-11-28 17:29:21.539104,1701188961.539104,0.0,0.0,0.0
153,2023-11-28 17:29:21.549484,1701188961.549484,0.0,0.0,0.0
154,2023-11-28 17:29:21.560750,1701188961.56075,0.0,0.0,0.0
155,2023-11-28 17:29:21.571556,1701188961.571556,0.0,0.0,0.0
156,2023-11-28 17:29:21.582739,1701188961.582739,0.0,0.0,0.0
157,2023-11-28 17:29:21.592909,1701188961.592909,0.0,0.0,0.0
158,2023-11-28 17:29:21.601702,1701188961.601702,0.0,0.0,0.0
159,2023-11-28 17:29:21.610815,1701188961.610815,0.0,0.0,0.0
160,2023-11-28 17:29:21.618656,1701188961.618656,0.0,0.0,0.0
161,2023-11-28 17:29:21.626429,1701188961.626429,0.0,0.0,0.0
162,2023-11-28 17:29:21.634985,1701188961.634985,0.0,0.0,0.0
163,2023-11-28 17:29:21.644996,1701188961.644996,0.0,0.0,0.0
164,2023-11-28 17:29:21.655693,1701188961.655693,0.0,0.0,0.0
165,2023-11-28 17:29:21.667079,1701188961.667079,0.0,0.0,0.0
166,2023-11-28 17:29:21.677769,1701188961.677769,0.0,0.0,0.0
167,2023-11-28 17:29:21.689153,1701188961.689153,0.0,0.0,0.0
168,2023-11-28 17:29:21.700383,1701188961.700383,0.0,0.0,0.0
169,2023-11-28 17:29:21.711349,1701188961.711349,0.0,0.0,0.0
170,2023-11-28 17:29:21.722901,1701188961.722901,0.0,0.0,0.0
171,2023-11-28 17:29:21.733382,1701188961.733382,0.0,0.0,0.0
172,2023-11-28 17:29:21.741950,1701188961.74195,0.0,0.0,0.0
173,2023-11-28 17:29:21.753516,1701188961.753516,0.0,0.0,0.0
174,2023-11-28 17:29:21.764877,1701188961.764877,0.0,0.0,0.0
175,2023-11-28 17:29:21.776373,1701188961.776373,0.0,0.0,0.0
176,2023-11-28 17:29:21.787226,1701188961.787226,0.0,0.0,0.0
177,2023-11-28 17:29:21.796861,1701188961.796861,0.0,0.0,0.0
178,2023-11-28 17:29:21.808232,1701188961.808232,0.0,0.0,0.0
179,2023-11-28 17:29:21.819152,1701188961.819152,0.0,0.0,0.0
180,2023-11-28 17:29:21.830596,1701188961.830596,0.0,0.0,0.0
181,2023-11-28 17:29:21.840484,1701188961.840484,0.0,0.0,0.0
182,2023-11-28 17:29:21.851746,1701188961.851746,0.0,0.0,0.0
183,2023-11-28 17:29:21.862936,1701188961.862936,0.0,0.0,0.0
184,2023-11-28 17:29:21.874177,1701188961.874177,0.0,0.0,0.0
185,2023-11-28 17:29:21.884665,1701188961.884665,0.0,0.0,0.0
186,2023-11-28 17:29:21.894264,1701188961.894264,0.0,0.0,0.0
187,2023-11-28 17:29:21.904251,1701188961.904251,0.0,0.0,0.0
188,2023-11-28 17:29:21.914266,1701188961.914266,0.0,0.0,0.0
189,2023-11-28 17:29:21.924311,1701188961.924311,0.0,0.0,0.0
190,2023-11-28 17:29:21.934275,1701188961.934275,0.0,0.0,0.0
191,2023-11-28 17:29:21.944318,1701188961.944318,0.0,0.0,0.0
192,2023-11-28 17:29:21.954260,1701188961.95426,0.0,0.0,0.0
193,2023-11-28 17:29:21.965719,1701188961.965719,0.0,0.0,0.0
194,2023-11-28 17:29:21.975135,1701188961.975135,0.0,0.0,0.0
195,2023-11-28 17:29:21.984265,1701188961.984265,0.0,0.0,0.0
196,2023-11-28 17:29:21.994254,1701188961.994254,0.0,0.0,0.0
197,2023-11-28 17:29:22.004249,1701188962.004249,0.0,0.0,0.0
198,2023-11-28 17:29:22.014258,1701188962.014258,0.0,0.0,0.0
199,2023-11-28 17:29:22.024976,1701188962.024976,0.0,0.0,0.0
200,2023-11-28 17:29:22.034271,1701188962.034271,0.0,0.0,0.0
201,2023-11-28 17:29:22.044254,1701188962.044254,0.0,0.0,0.0
202,2023-11-28 17:29:22.054254,1701188962.054254,0.0,0.0,0.0
203,2023-11-28 17:29:22.064317,1701188962.064317,0.0,0.0,0.0
204,2023-11-28 17:29:22.074256,1701188962.074256,0.0,0.0,0.0
205,2023-11-28 17:29:22.085639,1701188962.085639,0.0,0.0,0.0
206,2023-11-28 17:29:22.096260,1701188962.09626,0.0,0.0,0.0
207,2023-11-28 17:29:22.104449,1701188962.104449,0.0,0.0,0.0
208,2023-11-28 17:29:22.114247,1701188962.114247,0.0,0.0,0.0
209,2023-11-28 17:29:22.124261,1701188962.124261,0.0,0.0,0.0
210,2023-11-28 17:29:22.134299,1701188962.134299,0.0,0.0,0.0
211,2023-11-28 17:29:22.144948,1701188962.144948,0.0,0.0,0.0
212,2023-11-28 17:29:22.156549,1701188962.156549,0.0,0.0,0.0
213,2023-11-28 17:29:22.166911,1701188962.166911,0.0,0.0,0.0
214,2023-11-28 17:29:22.177701,1701188962.177701,0.0,0.0,0.0
215,2023-11-28 17:29:22.189387,1701188962.189387,0.0,0.0,0.0
216,2023-11-28 17:29:22.200192,1701188962.200192,0.0,0.0,0.0
217,2023-11-28 17:29:22.210195,1701188962.210195,0.0,0.0,0.0
218,2023-11-28 17:29:22.221462,1701188962.221462,0.0,0.0,0.0
219,2023-11-28 17:29:22.232388,1701188962.232388,0.0,0.0,0.0
220,2023-11-28 17:29:22.240833,1701188962.240833,0.0,0.0,0.0
221,2023-11-28 17:29:22.250290,1701188962.25029,0.0,0.0,0.0
222,2023-11-28 17:29:22.261571,1701188962.261571,0.0,0.0,0.0
223,2023-11-28 17:29:22.272825,1701188962.272825,0.0,0.0,0.0
224,2023-11-28 17:29:22.284362,1701188962.284362,0.0,0.0,0.0
225,2023-11-28 17:29:22.294912,1701188962.294912,0.0,0.0,0.0
226,2023-11-28 17:29:22.304918,1701188962.304918,0.0,0.0,0.0
227,2023-11-28 17:29:22.315943,1701188962.315943,0.0,0.0,0.0
228,2023-11-28 17:29:22.327108,1701188962.327108,0.0,0.0,0.0
229,2023-11-28 17:29:22.337181,1701188962.337181,0.0,0.0,0.0
230,2023-11-28 17:29:22.349018,1701188962.349018,0.0,0.0,0.0
231,2023-11-28 17:29:22.360259,1701188962.360259,0.0,0.0,0.0
232,2023-11-28 17:29:22.371741,1701188962.371741,0.0,0.0,0.0
233,2023-11-28 17:29:22.382632,1701188962.382632,0.0,0.0,0.0
234,2023-11-28 17:29:22.393757,1701188962.393757,0.0,0.0,0.0
235,2023-11-28 17:29:22.404636,1701188962.404636,0.0,0.0,0.0
236,2023-11-28 17:29:22.415456,1701188962.415456,0.0,0.0,0.0
237,2023-11-28 17:29:22.426705,1701188962.426705,0.0,0.0,0.0
238,2023-11-28 17:29:22.437530,1701188962.43753,0.0,0.0,0.0
239,2023-11-28 17:29:22.448210,1701188962.44821,0.0,0.0,0.0
240,2023-11-28 17:29:22.456783,1701188962.456783,0.0,0.0,0.0
241,2023-11-28 17:29:22.468108,1701188962.468108,0.0,0.0,0.0
242,2023-11-28 17:29:22.479322,1701188962.479322,0.0,0.0,0.0
243,2023-11-28 17:29:22.490443,1701188962.490443,0.0,0.0,0.0
244,2023-11-28 17:29:22.501094,1701188962.501094,0.0,0.0,0.0
245,2023-11-28 17:29:22.512015,1701188962.512015,0.0,0.0,0.0
246,2023-11-28 17:29:22.523084,1701188962.523084,0.0,0.0,0.0
247,2023-11-28 17:29:22.533624,1701188962.533624,0.0,0.0,0.0
248,2023-11-28 17:29:22.544349,1701188962.544349,0.0,0.0,0.0
249,2023-11-28 17:29:22.555361,1701188962.555361,0.0,0.0,0.0
250,2023-11-28 17:29:22.564742,1701188962.564742,0.0,0.0,0.0
251,2023-11-28 17:29:22.572751,1701188962.572751,0.0,0.0,0.0
252,2023-11-28 17:29:22.583943,1701188962.583943,0.0,0.0,0.0
253,2023-11-28 17:29:22.595400,1701188962.5954,0.0,0.0,0.0
254,2023-11-28 17:29:22.604561,1701188962.604561,0.0,0.0,0.0
255,2023-11-28 17:29:22.615843,1701188962.615843,0.0,0.0,0.0
256,2023-11-28 17:29:22.627285,1701188962.627285,0.0,0.0,0.0
257,2023-11-28 17:29:22.636974,1701188962.636974,0.0,0.0,0.0
258,2023-11-28 17:29:22.646430,1701188962.64643,0.0,0.0,0.0
259,2023-11-28 17:29:22.656804,1701188962.656804,0.0,0.0,0.0
260,2023-11-28 17:29:22.664901,1701188962.664901,0.0,0.0,0.0
261,2023-11-28 17:29:22.676198,1701188962.676198,0.0,0.0,0.0
262,2023-11-28 17:29:22.686113,1701188962.686113,0.0,0.0,0.0
263,2023-11-28 17:29:22.696640,1701188962.69664,0.0,0.0,0.0
264,2023-11-28 17:29:22.706892,1701188962.706892,0.0,0.0,0.0
265,2023-11-28 17:29:22.717285,1701188962.717285,0.0,0.0,0.0
266,2023-11-28 17:29:22.728073,1701188962.728073,0.0,0.0,0.0
267,2023-11-28 17:29:22.738100,1701188962.7381,0.0,0.0,0.0
268,2023-11-28 17:29:22.749772,1701188962.749772,0.0,0.0,0.0
269,2023-11-28 17:29:22.760260,1701188962.76026,0.0,0.0,0.0
270,2023-11-28 17:29:22.769996,1701188962.769996,0.0,0.0,0.0
271,2023-11-28 17:29:22.781758,1701188962.781758,0.0,0.0,0.0
272,2023-11-28 17:29:22.793111,1701188962.793111,0.0,0.0,0.0
273,2023-11-28 17:29:22.803538,1701188962.803538,0.0,0.0,0.0
274,2023-11-28 17:29:22.811961,1701188962.811961,0.0,0.0,0.0
275,2023-11-28 17:29:22.820622,1701188962.820622,0.0,0.0,0.0
276,2023-11-28 17:29:22.828817,1701188962.828817,0.0,0.0,0.0
277,2023-11-28 17:29:22.837081,1701188962.837081,0.0,0.0,0.0
278,2023-11-28 17:29:22.845141,1701188962.845141,0.0,0.0,0.0
279,2023-11-28 17:29:22.853709,1701188962.853709,0.0,0.0,0.0
280,2023-11-28 17:29:22.861944,1701188962.861944,0.0,0.0,0.0
281,2023-11-28 17:29:22.870445,1701188962.870445,0.0,0.0,0.0
282,2023-11-28 17:29:22.878554,1701188962.878554,0.0,0.0,0.0
283,2023-11-28 17:29:22.886672,1701188962.886672,0.0,0.0,0.0
284,2023-11-28 17:29:22.894673,1701188962.894673,0.0,0.0,0.0
285,2023-11-28 17:29:22.904689,1701188962.904689,0.0,0.0,0.0
286,2023-11-28 17:29:22.914745,1701188962.914745,0.0,0.0,0.0
287,2023-11-28 17:29:22.924745,1701188962.924745,0.0,0.0,0.0
288,2023-11-28 17:29:22.934761,1701188962.934761,0.0,0.0,0.0
289,2023-11-28 17:29:22.944745,1701188962.944745,0.0,0.0,0.0
290,2023-11-28 17:29:22.954743,1701188962.954743,0.0,0.0,0.0
291,2023-11-28 17:29:22.965261,1701188962.965261,0.0,0.0,0.0
292,2023-11-28 17:29:22.974744,1701188962.974744,0.0,0.0,0.0
293,2023-11-28 17:29:22.984746,1701188962.984746,0.0,0.0,0.0
294,2023-11-28 17:29:22.994697,1701188962.994697,0.0,0.0,0.0
295,2023-11-28 17:29:23.004695,1701188963.004695,0.0,0.0,0.0
296,2023-11-28 17:29:23.015940,1701188963.01594,0.0,0.0,0.0
297,2023-11-28 17:29:23.027387,1701188963.027387,0.0,0.0,0.0
298,2023-11-28 17:29:23.036576,1701188963.036576,0.0,0.0,0.0
299,2023-11-28 17:29:23.047745,1701188963.047745,0.0,0.0,0.0
300,2023-11-28 17:29:23.059181,1701188963.059181,0.0,0.0,0.0
301,2023-11-28 17:29:23.070557,1701188963.070557,0.0,0.0,0.0
302,2023-11-28 17:29:23.080708,1701188963.080708,0.0,0.0,0.0
303,2023-11-28 17:29:23.091491,1701188963.091491,0.0,0.0,0.0
304,2023-11-28 17:29:23.102570,1701188963.10257,0.0,0.0,0.0
305,2023-11-28 17:29:23.112759,1701188963.112759,0.0,0.0,0.0
306,2023-11-28 17:29:23.124456,1701188963.124456,0.0,0.0,0.0
307,2023-11-28 17:29:23.135298,1701188963.135298,0.0,0.0,0.0
308,2023-11-28 17:29:23.145534,1701188963.145534,0.0,0.0,0.0
309,2023-11-28 17:29:23.156896,1701188963.156896,0.0,0.0,0.0
310,2023-11-28 17:29:23.167711,1701188963.167711,0.0,0.0,0.0
311,2023-11-28 17:29:23.179385,1701188963.179385,0.0,0.0,0.0
312,2023-11-28 17:29:23.189508,1701188963.189508,0.0,0.0,0.0
313,2023-11-28 17:29:23.197636,1701188963.197636,0.0,0.0,0.0
314,2023-11-28 17:29:23.206072,1701188963.206072,0.0,0.0,0.0
315,2023-11-28 17:29:23.216701,1701188963.216701,0.0,0.0,0.0
316,2023-11-28 17:29:23.224889,1701188963.224889,0.0,0.0,0.0
317,2023-11-28 17:29:23.232969,1701188963.232969,0.0,0.0,0.0
318,2023-11-28 17:29:23.240965,1701188963.240965,0.0,0.0,0.0
319,2023-11-28 17:29:23.248947,1701188963.248947,0.0,0.0,0.0
320,2023-11-28 17:29:23.256853,1701188963.256853,0.0,0.0,0.0
321,2023-11-28 17:29:23.264829,1701188963.264829,0.0,0.0,0.0
322,2023-11-28 17:29:23.274710,1701188963.27471,0.0,0.0,0.0
323,2023-11-28 17:29:23.284740,1701188963.28474,0.0,0.0,0.0
324,2023-11-28 17:29:23.294730,1701188963.29473,0.0,0.0,0.0
325,2023-11-28 17:29:23.304756,1701188963.304756,0.0,0.0,0.0
326,2023-11-28 17:29:23.314696,1701188963.314696,0.0,0.0,0.0
327,2023-11-28 17:29:23.324679,1701188963.324679,0.0,0.0,0.0
328,2023-11-28 17:29:23.334701,1701188963.334701,0.0,0.0,0.0
329,2023-11-28 17:29:23.344745,1701188963.344745,0.0,0.0,0.0
330,2023-11-28 17:29:23.354737,1701188963.354737,0.0,0.0,0.0
331,2023-11-28 17:29:23.364710,1701188963.36471,0.0,0.0,0.0
332,2023-11-28 17:29:23.374741,1701188963.374741,0.0,0.0,0.0
333,2023-11-28 17:29:23.384746,1701188963.384746,0.0,0.0,0.0
334,2023-11-28 17:29:23.394704,1701188963.394704,0.0,0.0,0.0
335,2023-11-28 17:29:23.404751,1701188963.404751,0.0,0.0,0.0
336,2023-11-28 17:29:23.414744,1701188963.414744,0.0,0.0,0.0
337,2023-11-28 17:29:23.424703,1701188963.424703,0.0,0.0,0.0
338,2023-11-28 17:29:23.435871,1701188963.435871,0.0,0.0,0.0
339,2023-11-28 17:29:23.446053,1701188963.446053,0.0,0.0,0.0
340,2023-11-28 17:29:23.454704,1701188963.454704,0.0,0.0,0.0
341,2023-11-28 17:29:23.465711,1701188963.465711,0.0,0.0,0.0
342,2023-11-28 17:29:23.477132,1701188963.477132,0.0,0.0,0.0
343,2023-11-28 17:29:23.485110,1701188963.48511,0.0,0.0,0.0
344,2023-11-28 17:29:23.496574,1701188963.496574,0.0,0.0,0.0
345,2023-11-28 17:29:23.505517,1701188963.505517,0.0,0.0,0.0
346,2023-11-28 17:29:23.514744,1701188963.514744,0.0,0.0,0.0
347,2023-11-28 17:29:23.524744,1701188963.524744,0.0,0.0,0.0
348,2023-11-28 17:29:23.534692,1701188963.534692,0.0,0.0,0.0
349,2023-11-28 17:29:23.544720,1701188963.54472,0.0,0.0,0.0
350,2023-11-28 17:29:23.554775,1701188963.554775,0.0,0.0,0.0
351,2023-11-28 17:29:23.564739,1701188963.564739,0.0,0.0,0.0
352,2023-11-28 17:29:23.574736,1701188963.574736,0.0,0.0,0.0
353,2023-11-28 17:29:23.584707,1701188963.584707,0.0,0.0,0.0
354,2023-11-28 17:29:23.594738,1701188963.594738,0.0,0.0,0.0
355,2023-11-28 17:29:23.604694,1701188963.604694,0.0,0.0,0.0
356,2023-11-28 17:29:23.614694,1701188963.614694,0.0,0.0,0.0
357,2023-11-28 17:29:23.624740,1701188963.62474,0.0,0.0,0.0
358,2023-11-28 17:29:23.634735,1701188963.634735,0.0,0.0,0.0
359,2023-11-28 17:29:23.644730,1701188963.64473,0.0,0.0,0.0
360,2023-11-28 17:29:23.654740,1701188963.65474,0.0,0.0,0.0
361,2023-11-28 17:29:23.664693,1701188963.664693,0.0,0.0,0.0
362,2023-11-28 17:29:23.674744,1701188963.674744,0.0,0.0,0.0
363,2023-11-28 17:29:23.684744,1701188963.684744,0.0,0.0,0.0
364,2023-11-28 17:29:23.694728,1701188963.694728,0.0,0.0,0.0
365,2023-11-28 17:29:23.704762,1701188963.704762,0.0,0.0,0.0
366,2023-11-28 17:29:23.714712,1701188963.714712,0.0,0.0,0.0
367,2023-11-28 17:29:23.724737,1701188963.724737,0.0,0.0,0.0
368,2023-11-28 17:29:23.734728,1701188963.734728,0.0,0.0,0.0
369,2023-11-28 17:29:23.744725,1701188963.744725,0.0,0.0,0.0
370,2023-11-28 17:29:23.754739,1701188963.754739,0.0,0.0,0.0
371,2023-11-28 17:29:23.764722,1701188963.764722,0.0,0.0,0.0
372,2023-11-28 17:29:23.775812,1701188963.775812,0.0,0.0,0.0
373,2023-11-28 17:29:23.787058,1701188963.787058,0.0,0.0,0.0
374,2023-11-28 17:29:23.798562,1701188963.798562,0.0,0.0,0.0
375,2023-11-28 17:29:23.807712,1701188963.807712,0.0,0.0,0.0
376,2023-11-28 17:29:23.815700,1701188963.8157,0.0,0.0,0.0
377,2023-11-28 17:29:23.824683,1701188963.824683,0.0,0.0,0.0
378,2023-11-28 17:29:23.834685,1701188963.834685,0.0,0.0,0.0
379,2023-11-28 17:29:23.844742,1701188963.844742,0.0,0.0,0.0
380,2023-11-28 17:29:23.854688,1701188963.854688,0.0,0.0,0.0
381,2023-11-28 17:29:23.864693,1701188963.864693,0.0,0.0,0.0
382,2023-11-28 17:29:23.874705,1701188963.874705,0.0,0.0,0.0
383,2023-11-28 17:29:23.884748,1701188963.884748,0.0,0.0,0.0
384,2023-11-28 17:29:23.894754,1701188963.894754,0.0,0.0,0.0
385,2023-11-28 17:29:23.904751,1701188963.904751,0.0,0.0,0.0
386,2023-11-28 17:29:23.914747,1701188963.914747,0.0,0.0,0.0
387,2023-11-28 17:29:23.926123,1701188963.926123,0.0,0.0,0.0
388,2023-11-28 17:29:23.935851,1701188963.935851,0.0,0.0,0.0
389,2023-11-28 17:29:23.944769,1701188963.944769,0.0,0.0,0.0
390,2023-11-28 17:29:23.955803,1701188963.955803,0.0,0.0,0.0
391,2023-11-28 17:29:23.965635,1701188963.965635,0.0,0.0,0.0
392,2023-11-28 17:29:23.974685,1701188963.974685,0.0,0.0,0.0
393,2023-11-28 17:29:23.985740,1701188963.98574,0.0,0.0,0.0
394,2023-11-28 17:29:23.994685,1701188963.994685,0.0,0.0,0.0
395,2023-11-28 17:29:24.004748,1701188964.004748,0.0,0.0,0.0
396,2023-11-28 17:29:24.015494,1701188964.015494,0.0,0.0,0.0
397,2023-11-28 17:29:24.024676,1701188964.024676,0.0,0.0,0.0
398,2023-11-28 17:29:24.034738,1701188964.034738,0.0,0.0,0.0
399,2023-11-28 17:29:24.044747,1701188964.044747,0.0,0.0,0.0
400,2023-11-28 17:29:24.054743,1701188964.054743,0.0,0.0,0.0
401,2023-11-28 17:29:24.064739,1701188964.064739,0.0,0.0,0.0
402,2023-11-28 17:29:24.074744,1701188964.074744,0.0,0.0,0.0
403,2023-11-28 17:29:24.084743,1701188964.084743,0.0,0.0,0.0
404,2023-11-28 17:29:24.094905,1701188964.094905,0.0,0.0,0.0
405,2023-11-28 17:29:24.104731,1701188964.104731,0.0,0.0,0.0
406,2023-11-28 17:29:24.114730,1701188964.11473,0.0,0.0,0.0
407,2023-11-28 17:29:24.124698,1701188964.124698,0.0,0.0,0.0
408,2023-11-28 17:29:24.135621,1701188964.135621,0.0,0.0,0.0
409,2023-11-28 17:29:24.147416,1701188964.147416,0.0,0.0,0.0
410,2023-11-28 17:29:24.158791,1701188964.158791,0.0,0.0,0.0
411,2023-11-28 17:29:24.169147,1701188964.169147,0.0,0.0,0.0
412,2023-11-28 17:29:24.180783,1701188964.180783,0.0,0.0,0.0
413,2023-11-28 17:29:24.192108,1701188964.192108,0.0,0.0,0.0
414,2023-11-28 17:29:24.203670,1701188964.20367,0.0,0.0,0.0
415,2023-11-28 17:29:24.213505,1701188964.213505,0.0,0.0,0.0
416,2023-11-28 17:29:24.224106,1701188964.224106,0.0,0.0,0.0
417,2023-11-28 17:29:24.235203,1701188964.235203,0.0,0.0,0.0
418,2023-11-28 17:29:24.245428,1701188964.245428,0.0,0.0,0.0
419,2023-11-28 17:29:24.257026,1701188964.257026,0.0,0.0,0.0
420,2023-11-28 17:29:24.267407,1701188964.267407,0.0,0.0,0.0
421,2023-11-28 17:29:24.277942,1701188964.277942,0.0,0.0,0.0
422,2023-11-28 17:29:24.289550,1701188964.28955,0.0,0.0,0.0
423,2023-11-28 17:29:24.300407,1701188964.300407,0.0,0.0,0.0
424,2023-11-28 17:29:24.312031,1701188964.312031,0.0,0.0,0.0
425,2023-11-28 17:29:24.323198,1701188964.323198,0.0,0.0,0.0
426,2023-11-28 17:29:24.333381,1701188964.333381,0.0,0.0,0.0
427,2023-11-28 17:29:24.345011,1701188964.345011,0.0,0.0,0.0
428,2023-11-28 17:29:24.356471,1701188964.356471,0.0,0.0,0.0
429,2023-11-28 17:29:24.367561,1701188964.367561,0.0,0.0,0.0
430,2023-11-28 17:29:24.376403,1701188964.376403,0.0,0.0,0.0
431,2023-11-28 17:29:24.387009,1701188964.387009,0.0,0.0,0.0
432,2023-11-28 17:29:24.398582,1701188964.398582,0.0,0.0,0.0
433,2023-11-28 17:29:24.408755,1701188964.408755,0.0,0.0,0.0
434,2023-11-28 17:29:24.419879,1701188964.419879,0.0,0.0,0.0
435,2023-11-28 17:29:24.428665,1701188964.428665,0.0,0.0,0.0
436,2023-11-28 17:29:24.440052,1701188964.440052,0.0,0.0,0.0
437,2023-11-28 17:29:24.451763,1701188964.451763,0.0,0.0,0.0
438,2023-11-28 17:29:24.460480,1701188964.46048,0.0,0.0,0.0
439,2023-11-28 17:29:24.471459,1701188964.471459,0.0,0.0,0.0
440,2023-11-28 17:29:24.482717,1701188964.482717,0.0,0.0,0.0
441,2023-11-28 17:29:24.494056,1701188964.494056,0.0,0.0,0.0
442,2023-11-28 17:29:24.505498,1701188964.505498,0.0,0.0,0.0
443,2023-11-28 17:29:24.517051,1701188964.517051,0.0,0.0,0.0
444,2023-11-28 17:29:24.528510,1701188964.52851,0.0,0.0,0.0
445,2023-11-28 17:29:24.539404,1701188964.539404,0.0,0.0,0.0
446,2023-11-28 17:29:24.548361,1701188964.548361,0.0,0.0,0.0
447,2023-11-28 17:29:24.560191,1701188964.560191,0.0,0.0,0.0
448,2023-11-28 17:29:24.573507,1701188964.573507,0.0,0.0,0.0
449,2023-11-28 17:29:24.585194,1701188964.585194,0.0,0.0,0.0
450,2023-11-28 17:29:24.596524,1701188964.596524,0.0,0.0,0.0
451,2023-11-28 17:29:24.607153,1701188964.607153,0.0,0.0,0.0
452,2023-11-28 17:29:24.618546,1701188964.618546,0.0,0.0,0.0
453,2023-11-28 17:29:24.629947,1701188964.629947,0.0,0.0,0.0
454,2023-11-28 17:29:24.640571,1701188964.640571,0.0,0.0,0.0
455,2023-11-28 17:29:24.651927,1701188964.651927,0.0,0.0,0.0
456,2023-11-28 17:29:24.663394,1701188964.663394,0.0,0.0,0.0
457,2023-11-28 17:29:24.674989,1701188964.674989,0.0,0.0,0.0
458,2023-11-28 17:29:24.683814,1701188964.683814,0.0,0.0,0.0
459,2023-11-28 17:29:24.693742,1701188964.693742,0.0,0.0,0.0
460,2023-11-28 17:29:24.703237,1701188964.703237,0.0,0.0,0.0
461,2023-11-28 17:29:24.712128,1701188964.712128,0.0,0.0,0.0
462,2023-11-28 17:29:24.721724,1701188964.721724,0.0,0.0,0.0
463,2023-11-28 17:29:24.730533,1701188964.730533,0.0,0.0,0.0
464,2023-11-28 17:29:24.740030,1701188964.74003,0.0,0.0,0.0
465,2023-11-28 17:29:24.748733,1701188964.748733,0.0,0.0,0.0
466,2023-11-28 17:29:24.757983,1701188964.757983,0.0,0.0,0.0
467,2023-11-28 17:29:24.767040,1701188964.76704,0.0,0.0,0.0
468,2023-11-28 17:29:24.776763,1701188964.776763,0.0,0.0,0.0
469,2023-11-28 17:29:24.785500,1701188964.7855,0.0,0.0,0.0
470,2023-11-28 17:29:24.795336,1701188964.795336,0.0,0.0,0.0
471,2023-11-28 17:29:24.805210,1701188964.80521,0.0,0.0,0.0
472,2023-11-28 17:29:24.815207,1701188964.815207,0.0,0.0,0.0
473,2023-11-28 17:29:24.825236,1701188964.825236,0.0,0.0,0.0
474,2023-11-28 17:29:24.836014,1701188964.836014,0.0,0.0,0.0
475,2023-11-28 17:29:24.845933,1701188964.845933,0.0,0.0,0.0
476,2023-11-28 17:29:24.855844,1701188964.855844,0.0,0.0,0.0
477,2023-11-28 17:29:24.865257,1701188964.865257,0.0,0.0,0.0
478,2023-11-28 17:29:24.875204,1701188964.875204,0.0,0.0,0.0
479,2023-11-28 17:29:24.885678,1701188964.885678,0.0,0.0,0.0
480,2023-11-28 17:29:24.895855,1701188964.895855,0.0,0.0,0.0
481,2023-11-28 17:29:24.907268,1701188964.907268,0.0,0.0,0.0
482,2023-11-28 17:29:24.917396,1701188964.917396,0.0,0.0,0.0
483,2023-11-28 17:29:24.928069,1701188964.928069,0.0,0.0,0.0
484,2023-11-28 17:29:24.939267,1701188964.939267,0.0,0.0,0.0
485,2023-11-28 17:29:24.950284,1701188964.950284,0.0,0.0,0.0
486,2023-11-28 17:29:24.960309,1701188964.960309,0.0,0.0,0.0
487,2023-11-28 17:29:24.968082,1701188964.968082,0.0,0.0,0.0
488,2023-11-28 17:29:24.976638,1701188964.976638,0.0,0.0,0.0
489,2023-11-28 17:29:24.985211,1701188964.985211,0.0,0.0,0.0
490,2023-11-28 17:29:24.995300,1701188964.9953,0.0,0.0,0.0
491,2023-11-28 17:29:25.005221,1701188965.005221,0.0,0.0,0.0
492,2023-11-28 17:29:25.015363,1701188965.015363,0.0,0.0,0.0
493,2023-11-28 17:29:25.025270,1701188965.02527,0.0,0.0,0.0
494,2023-11-28 17:29:25.035263,1701188965.035263,0.0,0.0,0.0
495,2023-11-28 17:29:25.045276,1701188965.045276,0.0,0.0,0.0
496,2023-11-28 17:29:25.055267,1701188965.055267,0.0,0.0,0.0
497,2023-11-28 17:29:25.065262,1701188965.065262,0.0,0.0,0.0
498,2023-11-28 17:29:25.075294,1701188965.075294,0.0,0.0,0.0
499,2023-11-28 17:29:25.085274,1701188965.085274,0.0,0.0,0.0
500,2023-11-28 17:29:25.095230,1701188965.09523,0.0,20.0,0.0
501,2023-11-28 17:29:25.105277,1701188965.105277,0.0,20.0,0.0
502,2023-11-28 17:29:25.115270,1701188965.11527,0.0,20.0,0.0
503,2023-11-28 17:29:25.126300,1701188965.1263,0.0,20.0,0.0
504,2023-11-28 17:29:25.135275,1701188965.135275,0.0,20.0,0.0
505,2023-11-28 17:29:25.145270,1701188965.14527,0.0,20.0,0.0
506,2023-11-28 17:29:25.155221,1701188965.155221,0.0,20.0,0.0
507,2023-11-28 17:29:25.165291,1701188965.165291,0.0,20.0,0.0
508,2023-11-28 17:29:25.175238,1701188965.175238,0.0,20.0,0.0
509,2023-11-28 17:29:25.185240,1701188965.18524,0.0,20.0,0.0
510,2023-11-28 17:29:25.195274,1701188965.195274,0.0,20.0,0.0
511,2023-11-28 17:29:25.205230,1701188965.20523,0.0,20.0,0.0
512,2023-11-28 17:29:25.215278,1701188965.215278,0.0,20.0,0.0
513,2023-11-28 17:29:25.225880,1701188965.22588,0.0,20.0,0.0
514,2023-11-28 17:29:25.235264,1701188965.235264,0.0,20.0,0.0
515,2023-11-28 17:29:25.245280,1701188965.24528,0.0,20.0,0.0
516,2023-11-28 17:29:25.255268,1701188965.255268,0.0,20.0,0.0
517,2023-11-28 17:29:25.265277,1701188965.265277,0.0,20.0,0.0
518,2023-11-28 17:29:25.275277,1701188965.275277,0.0,20.0,0.0
519,2023-11-28 17:29:25.285277,1701188965.285277,0.0,20.0,0.0
520,2023-11-28 17:29:25.295271,1701188965.295271,0.0,20.0,0.0
521,2023-11-28 17:29:25.305265,1701188965.305265,0.0,20.0,0.0
522,2023-11-28 17:29:25.315277,1701188965.315277,0.0,20.0,0.0
523,2023-11-28 17:29:25.325270,1701188965.32527,0.0,20.0,0.0
524,2023-11-28 17:29:25.335222,1701188965.335222,0.0,20.0,0.0
525,2023-11-28 17:29:25.345302,1701188965.345302,0.0,20.0,0.0
526,2023-11-28 17:29:25.355272,1701188965.355272,0.0,20.0,0.0
527,2023-11-28 17:29:25.365232,1701188965.365232,0.0,20.0,0.0
528,2023-11-28 17:29:25.375234,1701188965.375234,0.0,20.0,0.0
529,2023-11-28 17:29:25.385279,1701188965.385279,0.0,20.0,0.0
530,2023-11-28 17:29:25.395313,1701188965.395313,0.0,20.0,0.0
531,2023-11-28 17:29:25.405634,1701188965.405634,0.0,20.0,0.0
532,2023-11-28 17:29:25.416162,1701188965.416162,0.0,20.0,0.0
533,2023-11-28 17:29:25.427153,1701188965.427153,0.0,20.0,0.0
534,2023-11-28 17:29:25.437339,1701188965.437339,0.0,20.0,0.0
535,2023-11-28 17:29:25.446904,1701188965.446904,0.0,20.0,0.0
536,2023-11-28 17:29:25.457859,1701188965.457859,0.0,20.0,0.0
537,2023-11-28 17:29:25.468243,1701188965.468243,0.0,20.0,0.0
538,2023-11-28 17:29:25.479190,1701188965.47919,0.0,20.0,0.0
539,2023-11-28 17:29:25.490053,1701188965.490053,0.0,20.0,0.0
540,2023-11-28 17:29:25.500715,1701188965.500715,0.0,20.0,0.0
541,2023-11-28 17:29:25.508320,1701188965.50832,0.0,20.0,0.0
542,2023-11-28 17:29:25.516261,1701188965.516261,0.0,20.0,0.0
543,2023-11-28 17:29:25.525248,1701188965.525248,0.0,20.0,0.0
544,2023-11-28 17:29:25.536460,1701188965.53646,0.0,20.0,0.0
545,2023-11-28 17:29:25.545254,1701188965.545254,0.0,20.0,0.0
546,2023-11-28 17:29:25.555292,1701188965.555292,0.0,20.0,0.0
547,2023-11-28 17:29:25.566381,1701188965.566381,0.0,20.0,0.0
548,2023-11-28 17:29:25.577265,1701188965.577265,0.0,20.0,0.0
549,2023-11-28 17:29:25.588458,1701188965.588458,0.0,20.0,0.0
550,2023-11-28 17:29:25.596273,1701188965.596273,0.0,20.0,0.0
551,2023-11-28 17:29:25.607321,1701188965.607321,0.0,20.0,0.0
552,2023-11-28 17:29:25.615877,1701188965.615877,0.0,20.0,0.0
553,2023-11-28 17:29:25.626013,1701188965.626013,0.0,20.0,0.0
554,2023-11-28 17:29:25.636778,1701188965.636778,0.0,20.0,0.0
555,2023-11-28 17:29:25.646504,1701188965.646504,0.0,20.0,0.0
556,2023-11-28 17:29:25.657830,1701188965.65783,0.0,20.0,0.0
557,2023-11-28 17:29:25.666872,1701188965.666872,0.0,20.0,0.0
558,2023-11-28 17:29:25.677928,1701188965.677928,0.0,20.0,0.0
559,2023-11-28 17:29:25.689303,1701188965.689303,0.0,20.0,0.0
560,2023-11-28 17:29:25.698585,1701188965.698585,0.0,20.0,0.0
561,2023-11-28 17:29:25.708648,1701188965.708648,0.0,20.0,0.0
562,2023-11-28 17:29:25.719898,1701188965.719898,0.0,20.0,0.0
563,2023-11-28 17:29:25.730758,1701188965.730758,0.0,20.0,0.0
564,2023-11-28 17:29:25.740661,1701188965.740661,0.0,20.0,0.0
565,2023-11-28 17:29:25.751962,1701188965.751962,0.0,20.0,0.0
566,2023-11-28 17:29:25.762853,1701188965.762853,0.0,20.0,0.0
567,2023-11-28 17:29:25.773893,1701188965.773893,0.0,20.0,0.0
568,2023-11-28 17:29:25.784297,1701188965.784297,0.0,20.0,0.0
569,2023-11-28 17:29:25.795022,1701188965.795022,0.0,20.0,0.0
570,2023-11-28 17:29:25.805104,1701188965.805104,0.0,20.0,0.0
571,2023-11-28 17:29:25.812863,1701188965.812863,0.0,20.0,0.0
572,2023-11-28 17:29:25.824176,1701188965.824176,0.0,20.0,0.0
573,2023-11-28 17:29:25.831717,1701188965.831717,0.0,20.0,0.0
574,2023-11-28 17:29:25.839519,1701188965.839519,0.0,20.0,0.0
575,2023-11-28 17:29:25.847255,1701188965.847255,0.0,20.0,0.0
576,2023-11-28 17:29:25.857270,1701188965.85727,0.0,20.0,0.0
577,2023-11-28 17:29:25.865162,1701188965.865162,0.0,20.0,0.0
578,2023-11-28 17:29:25.876447,1701188965.876447,0.0,20.0,0.0
579,2023-11-28 17:29:25.887055,1701188965.887055,0.0,20.0,0.0
580,2023-11-28 17:29:25.898226,1701188965.898226,0.0,20.0,0.0
581,2023-11-28 17:29:25.910940,1701188965.91094,0.0,20.0,0.0
582,2023-11-28 17:29:25.920392,1701188965.920392,0.0,20.0,0.0
583,2023-11-28 17:29:25.932463,1701188965.932463,0.0,20.0,0.0
584,2023-11-28 17:29:25.944397,1701188965.944397,0.0,20.0,0.0
585,2023-11-28 17:29:25.955013,1701188965.955013,0.0,20.0,0.0
586,2023-11-28 17:29:25.965335,1701188965.965335,0.0,20.0,0.0
587,2023-11-28 17:29:25.973877,1701188965.973877,0.0,20.0,0.0
588,2023-11-28 17:29:25.982067,1701188965.982067,0.0,20.0,0.0
589,2023-11-28 17:29:25.990560,1701188965.99056,0.0,20.0,0.0
590,2023-11-28 17:29:25.999183,1701188965.999183,0.0,20.0,0.0
591,2023-11-28 17:29:26.007684,1701188966.007684,0.0,20.0,0.0
592,2023-11-28 17:29:26.016967,1701188966.016967,0.0,20.0,0.0
593,2023-11-28 17:29:26.025535,1701188966.025535,0.0,20.0,0.0
594,2023-11-28 17:29:26.035231,1701188966.035231,0.0,20.0,0.0
595,2023-11-28 17:29:26.045208,1701188966.045208,0.0,20.0,0.0
596,2023-11-28 17:29:26.055257,1701188966.055257,0.0,20.0,0.0
597,2023-11-28 17:29:26.065282,1701188966.065282,0.0,20.0,0.0
598,2023-11-28 17:29:26.075281,1701188966.075281,0.0,20.0,0.0
599,2023-11-28 17:29:26.085279,1701188966.085279,0.0,20.0,0.0
600,2023-11-28 17:29:26.095876,1701188966.095876,0.0,20.0,0.0
601,2023-11-28 17:29:26.105277,1701188966.105277,0.0,20.0,0.0
602,2023-11-28 17:29:26.117105,1701188966.117105,0.0,20.0,0.0
603,2023-11-28 17:29:26.128716,1701188966.128716,0.0,20.0,0.0
604,2023-11-28 17:29:26.137048,1701188966.137048,0.0,20.0,0.0
605,2023-11-28 17:29:26.146667,1701188966.146667,0.0,20.0,0.0
606,2023-11-28 17:29:26.155162,1701188966.155162,0.0,20.0,0.0
607,2023-11-28 17:29:26.165223,1701188966.165223,0.0,20.0,0.0
608,2023-11-28 17:29:26.175236,1701188966.175236,0.0,20.0,0.0
609,2023-11-28 17:29:26.185289,1701188966.185289,0.0,20.0,0.0
610,2023-11-28 17:29:26.195280,1701188966.19528,0.0,20.0,0.0
611,2023-11-28 17:29:26.205279,1701188966.205279,0.0,20.0,0.0
612,2023-11-28 17:29:26.215271,1701188966.215271,0.0,20.0,0.0
613,2023-11-28 17:29:26.225278,1701188966.225278,0.0,20.0,0.0
614,2023-11-28 17:29:26.235278,1701188966.235278,0.0,20.0,0.0
615,2023-11-28 17:29:26.245284,1701188966.245284,0.0,20.0,0.0
616,2023-11-28 17:29:26.255267,1701188966.255267,0.0,20.0,0.0
617,2023-11-28 17:29:26.265277,1701188966.265277,0.0,20.0,0.0
618,2023-11-28 17:29:26.275286,1701188966.275286,0.0,20.0,0.0
619,2023-11-28 17:29:26.285259,1701188966.285259,0.0,20.0,0.0
620,2023-11-28 17:29:26.295268,1701188966.295268,0.0,20.0,0.0
621,2023-11-28 17:29:26.305244,1701188966.305244,0.0,20.0,0.0
622,2023-11-28 17:29:26.315734,1701188966.315734,0.0,20.0,0.0
623,2023-11-28 17:29:26.325275,1701188966.325275,0.0,20.0,0.0
624,2023-11-28 17:29:26.335274,1701188966.335274,0.0,20.0,0.0
625,2023-11-28 17:29:26.345273,1701188966.345273,0.0,20.0,0.0
626,2023-11-28 17:29:26.355269,1701188966.355269,0.0,20.0,0.0
627,2023-11-28 17:29:26.365288,1701188966.365288,0.0,20.0,0.0
628,2023-11-28 17:29:26.375279,1701188966.375279,0.0,20.0,0.0
629,2023-11-28 17:29:26.385279,1701188966.385279,0.0,20.0,0.0
630,2023-11-28 17:29:26.395286,1701188966.395286,0.0,20.0,0.0
631,2023-11-28 17:29:26.405282,1701188966.405282,0.0,20.0,0.0
632,2023-11-28 17:29:26.415227,1701188966.415227,0.0,20.0,0.0
633,2023-11-28 17:29:26.425287,1701188966.425287,0.0,20.0,0.0
634,2023-11-28 17:29:26.435283,1701188966.435283,0.0,20.0,0.0
635,2023-11-28 17:29:26.445238,1701188966.445238,0.0,20.0,0.0
636,2023-11-28 17:29:26.455266,1701188966.455266,0.0,20.0,0.0
637,2023-11-28 17:29:26.465290,1701188966.46529,0.0,20.0,0.0
638,2023-11-28 17:29:26.475279,1701188966.475279,0.0,20.0,0.0
639,2023-11-28 17:29:26.485263,1701188966.485263,0.0,20.0,0.0
640,2023-11-28 17:29:26.495284,1701188966.495284,0.0,20.0,0.0
641,2023-11-28 17:29:26.505255,1701188966.505255,0.0,20.0,0.0
642,2023-11-28 17:29:26.515263,1701188966.515263,0.0,20.0,0.0
643,2023-11-28 17:29:26.525220,1701188966.52522,0.0,20.0,0.0
644,2023-11-28 17:29:26.535268,1701188966.535268,0.0,20.0,0.0
645,2023-11-28 17:29:26.545267,1701188966.545267,0.0,20.0,0.0
646,2023-11-28 17:29:26.556338,1701188966.556338,0.0,20.0,0.0
647,2023-11-28 17:29:26.565260,1701188966.56526,0.0,20.0,0.0
648,2023-11-28 17:29:26.575237,1701188966.575237,0.0,20.0,0.0
649,2023-11-28 17:29:26.585277,1701188966.585277,0.0,20.0,0.0
650,2023-11-28 17:29:26.595269,1701188966.595269,0.0,20.0,0.0
651,2023-11-28 17:29:26.605266,1701188966.605266,0.0,20.0,0.0
652,2023-11-28 17:29:26.615277,1701188966.615277,0.0,20.0,0.0
653,2023-11-28 17:29:26.625269,1701188966.625269,0.0,20.0,0.0
654,2023-11-28 17:29:26.635270,1701188966.63527,0.0,20.0,0.0
655,2023-11-28 17:29:26.645274,1701188966.645274,0.0,20.0,0.0
656,2023-11-28 17:29:26.655274,1701188966.655274,0.0,20.0,0.0
657,2023-11-28 17:29:26.665268,1701188966.665268,0.0,20.0,0.0
658,2023-11-28 17:29:26.675256,1701188966.675256,0.0,20.0,0.0
659,2023-11-28 17:29:26.685259,1701188966.685259,0.0,20.0,0.0
660,2023-11-28 17:29:26.695269,1701188966.695269,0.0,20.0,0.0
661,2023-11-28 17:29:26.705278,1701188966.705278,0.0,20.0,0.0
662,2023-11-28 17:29:26.715230,1701188966.71523,0.0,20.0,0.0
663,2023-11-28 17:29:26.725269,1701188966.725269,0.0,20.0,0.0
664,2023-11-28 17:29:26.735282,1701188966.735282,0.0,20.0,0.0
665,2023-11-28 17:29:26.745275,1701188966.745275,0.0,20.0,0.0
666,2023-11-28 17:29:26.755268,1701188966.755268,0.0,20.0,0.0
667,2023-11-28 17:29:26.765287,1701188966.765287,0.0,20.0,0.0
668,2023-11-28 17:29:26.775281,1701188966.775281,0.0,20.0,0.0
669,2023-11-28 17:29:26.785279,1701188966.785279,0.0,20.0,0.0
670,2023-11-28 17:29:26.795285,1701188966.795285,0.0,20.0,0.0
671,2023-11-28 17:29:26.805283,1701188966.805283,0.0,20.0,0.0
672,2023-11-28 17:29:26.815278,1701188966.815278,0.0,20.0,0.0
673,2023-11-28 17:29:26.825267,1701188966.825267,0.0,20.0,0.0
674,2023-11-28 17:29:26.835275,1701188966.835275,0.0,20.0,0.0
675,2023-11-28 17:29:26.845226,1701188966.845226,0.0,20.0,0.0
676,2023-11-28 17:29:26.855205,1701188966.855205,0.0,20.0,0.0
677,2023-11-28 17:29:26.865290,1701188966.86529,0.0,20.0,0.0
678,2023-11-28 17:29:26.875276,1701188966.875276,0.0,20.0,0.0
679,2023-11-28 17:29:26.885280,1701188966.88528,0.0,20.0,0.0
680,2023-11-28 17:29:26.895286,1701188966.895286,0.0,20.0,0.0
681,2023-11-28 17:29:26.905269,1701188966.905269,0.0,20.0,0.0
682,2023-11-28 17:29:26.915278,1701188966.915278,0.0,20.0,0.0
683,2023-11-28 17:29:26.925287,1701188966.925287,0.0,20.0,0.0
684,2023-11-28 17:29:26.935266,1701188966.935266,0.0,20.0,0.0
685,2023-11-28 17:29:26.945281,1701188966.945281,0.0,20.0,0.0
686,2023-11-28 17:29:26.955263,1701188966.955263,0.0,20.0,0.0
687,2023-11-28 17:29:26.965268,1701188966.965268,0.0,20.0,0.0
688,2023-11-28 17:29:26.975267,1701188966.975267,0.0,20.0,0.0
689,2023-11-28 17:29:26.985236,1701188966.985236,0.0,20.0,0.0
690,2023-11-28 17:29:26.995269,1701188966.995269,0.0,20.0,0.0
691,2023-11-28 17:29:27.005269,1701188967.005269,0.0,20.0,0.0
692,2023-11-28 17:29:27.015278,1701188967.015278,0.0,20.0,0.0
693,2023-11-28 17:29:27.025269,1701188967.025269,0.0,20.0,0.0
694,2023-11-28 17:29:27.035291,1701188967.035291,0.0,20.0,0.0
695,2023-11-28 17:29:27.045219,1701188967.045219,0.0,20.0,0.0
696,2023-11-28 17:29:27.055258,1701188967.055258,0.0,20.0,0.0
697,2023-11-28 17:29:27.065263,1701188967.065263,0.0,20.0,0.0
698,2023-11-28 17:29:27.075259,1701188967.075259,0.0,20.0,0.0
699,2023-11-28 17:29:27.085280,1701188967.08528,0.0,20.0,0.0
700,2023-11-28 17:29:27.095258,1701188967.095258,0.0,20.0,0.0
701,2023-11-28 17:29:27.105283,1701188967.105283,0.0,20.0,0.0
702,2023-11-28 17:29:27.115245,1701188967.115245,0.0,20.0,0.0
703,2023-11-28 17:29:27.125279,1701188967.125279,0.0,20.0,0.0
704,2023-11-28 17:29:27.135269,1701188967.135269,0.0,20.0,0.0
705,2023-11-28 17:29:27.145284,1701188967.145284,0.0,20.0,0.0
706,2023-11-28 17:29:27.155283,1701188967.155283,0.0,20.0,0.0
707,2023-11-28 17:29:27.165263,1701188967.165263,0.0,20.0,0.0
708,2023-11-28 17:29:27.175281,1701188967.175281,0.0,20.0,0.0
709,2023-11-28 17:29:27.185277,1701188967.185277,0.0,20.0,0.0
710,2023-11-28 17:29:27.195258,1701188967.195258,0.0,20.0,0.0
711,2023-11-28 17:29:27.205225,1701188967.205225,0.0,20.0,0.0
712,2023-11-28 17:29:27.215277,1701188967.215277,0.0,20.0,0.0
713,2023-11-28 17:29:27.225274,1701188967.225274,0.0,20.0,0.0
714,2023-11-28 17:29:27.235276,1701188967.235276,0.0,20.0,0.0
715,2023-11-28 17:29:27.245282,1701188967.245282,0.0,20.0,0.0
716,2023-11-28 17:29:27.255234,1701188967.255234,0.0,20.0,0.0
717,2023-11-28 17:29:27.265288,1701188967.265288,0.0,20.0,0.0
718,2023-11-28 17:29:27.275278,1701188967.275278,0.0,20.0,0.0
719,2023-11-28 17:29:27.285281,1701188967.285281,0.0,20.0,0.0
720,2023-11-28 17:29:27.295281,1701188967.295281,0.0,20.0,0.0
721,2023-11-28 17:29:27.305282,1701188967.305282,0.0,20.0,0.0
722,2023-11-28 17:29:27.315280,1701188967.31528,0.0,20.0,0.0
723,2023-11-28 17:29:27.325283,1701188967.325283,0.0,20.0,0.0
724,2023-11-28 17:29:27.335224,1701188967.335224,0.0,20.0,0.0
725,2023-11-28 17:29:27.345277,1701188967.345277,0.0,20.0,0.0
726,2023-11-28 17:29:27.355282,1701188967.355282,0.0,20.0,0.0
727,2023-11-28 17:29:27.365261,1701188967.365261,0.0,20.0,0.0
728,2023-11-28 17:29:27.375269,1701188967.375269,0.0,20.0,0.0
729,2023-11-28 17:29:27.385237,1701188967.385237,0.0,20.0,0.0
730,2023-11-28 17:29:27.395269,1701188967.395269,0.0,20.0,0.0
731,2023-11-28 17:29:27.405249,1701188967.405249,0.0,20.0,0.0
732,2023-11-28 17:29:27.415275,1701188967.415275,0.0,20.0,0.0
733,2023-11-28 17:29:27.425275,1701188967.425275,0.0,20.0,0.0
734,2023-11-28 17:29:27.435267,1701188967.435267,0.0,20.0,0.0
735,2023-11-28 17:29:27.445274,1701188967.445274,0.0,20.0,0.0
736,2023-11-28 17:29:27.455274,1701188967.455274,0.0,20.0,0.0
737,2023-11-28 17:29:27.465268,1701188967.465268,0.0,20.0,0.0
738,2023-11-28 17:29:27.475251,1701188967.475251,0.0,20.0,0.0
739,2023-11-28 17:29:27.485282,1701188967.485282,0.0,20.0,0.0
740,2023-11-28 17:29:27.495278,1701188967.495278,0.0,20.0,0.0
741,2023-11-28 17:29:27.505262,1701188967.505262,0.0,20.0,0.0
742,2023-11-28 17:29:27.515284,1701188967.515284,0.0,20.0,0.0
743,2023-11-28 17:29:27.525236,1701188967.525236,0.0,20.0,0.0
744,2023-11-28 17:29:27.535263,1701188967.535263,0.0,20.0,0.0
745,2023-11-28 17:29:27.545239,1701188967.545239,0.0,20.0,0.0
746,2023-11-28 17:29:27.555235,1701188967.555235,0.0,20.0,0.0
747,2023-11-28 17:29:27.565232,1701188967.565232,0.0,20.0,0.0
748,2023-11-28 17:29:27.575226,1701188967.575226,0.0,20.0,0.0
749,2023-11-28 17:29:27.585232,1701188967.585232,0.0,20.0,0.0
750,2023-11-28 17:29:27.595247,1701188967.595247,0.0,20.0,0.0
751,2023-11-28 17:29:27.605240,1701188967.60524,0.0,20.0,0.0
752,2023-11-28 17:29:27.615233,1701188967.615233,0.0,20.0,0.0
753,2023-11-28 17:29:27.625230,1701188967.62523,0.0,20.0,0.0
754,2023-11-28 17:29:27.635220,1701188967.63522,0.0,20.0,0.0
755,2023-11-28 17:29:27.645229,1701188967.645229,0.0,20.0,0.0
756,2023-11-28 17:29:27.655210,1701188967.65521,0.0,20.0,0.0
757,2023-11-28 17:29:27.665222,1701188967.665222,0.0,20.0,0.0
758,2023-11-28 17:29:27.675212,1701188967.675212,0.0,20.0,0.0
759,2023-11-28 17:29:27.685210,1701188967.68521,0.0,20.0,0.0
760,2023-11-28 17:29:27.695220,1701188967.69522,0.0,20.0,0.0
761,2023-11-28 17:29:27.705216,1701188967.705216,0.0,20.0,0.0
762,2023-11-28 17:29:27.715222,1701188967.715222,0.0,20.0,0.0
763,2023-11-28 17:29:27.725220,1701188967.72522,0.0,20.0,0.0
764,2023-11-28 17:29:27.735217,1701188967.735217,0.0,20.0,0.0
765,2023-11-28 17:29:27.745214,1701188967.745214,0.0,20.0,0.0
766,2023-11-28 17:29:27.755221,1701188967.755221,0.0,20.0,0.0
767,2023-11-28 17:29:27.765217,1701188967.765217,0.0,20.0,0.0
768,2023-11-28 17:29:27.775210,1701188967.77521,0.0,20.0,0.0
769,2023-11-28 17:29:27.785220,1701188967.78522,0.0,20.0,0.0
770,2023-11-28 17:29:27.795218,1701188967.795218,0.0,20.0,0.0
771,2023-11-28 17:29:27.805212,1701188967.805212,0.0,20.0,0.0
772,2023-11-28 17:29:27.815219,1701188967.815219,0.0,20.0,0.0
773,2023-11-28 17:29:27.825218,1701188967.825218,0.0,20.0,0.0
774,2023-11-28 17:29:27.835212,1701188967.835212,0.0,20.0,0.0
775,2023-11-28 17:29:27.845214,1701188967.845214,0.0,20.0,0.0
776,2023-11-28 17:29:27.855218,1701188967.855218,0.0,20.0,0.0
777,2023-11-28 17:29:27.865211,1701188967.865211,0.0,20.0,0.0
778,2023-11-28 17:29:27.875220,1701188967.87522,0.0,20.0,0.0
779,2023-11-28 17:29:27.885220,1701188967.88522,0.0,20.0,0.0
780,2023-11-28 17:29:27.895211,1701188967.895211,0.0,20.0,0.0
781,2023-11-28 17:29:27.905216,1701188967.905216,0.0,20.0,0.0
782,2023-11-28 17:29:27.915220,1701188967.91522,0.0,20.0,0.0
783,2023-11-28 17:29:27.925216,1701188967.925216,0.0,20.0,0.0
784,2023-11-28 17:29:27.935212,1701188967.935212,0.0,20.0,0.0
785,2023-11-28 17:29:27.945217,1701188967.945217,0.0,20.0,0.0
786,2023-11-28 17:29:27.955217,1701188967.955217,0.0,20.0,0.0
787,2023-11-28 17:29:27.965215,1701188967.965215,0.0,20.0,0.0
788,2023-11-28 17:29:27.975220,1701188967.97522,0.0,20.0,0.0
789,2023-11-28 17:29:27.985218,1701188967.985218,0.0,20.0,0.0
790,2023-11-28 17:29:27.995214,1701188967.995214,0.0,20.0,0.0
791,2023-11-28 17:29:28.005220,1701188968.00522,0.0,20.0,0.0
792,2023-11-28 17:29:28.015216,1701188968.015216,0.0,20.0,0.0
793,2023-11-28 17:29:28.025211,1701188968.025211,0.0,20.0,0.0
794,2023-11-28 17:29:28.035219,1701188968.035219,0.0,20.0,0.0
795,2023-11-28 17:29:28.045214,1701188968.045214,0.0,20.0,0.0
796,2023-11-28 17:29:28.055214,1701188968.055214,0.0,20.0,0.0
797,2023-11-28 17:29:28.065226,1701188968.065226,0.0,20.0,0.0
798,2023-11-28 17:29:28.075215,1701188968.075215,0.0,20.0,0.0
799,2023-11-28 17:29:28.085212,1701188968.085212,0.0,20.0,0.0
800,2023-11-28 17:29:28.095243,1701188968.095243,0.0,20.0,0.0
801,2023-11-28 17:29:28.105219,1701188968.105219,0.0,20.0,0.0
802,2023-11-28 17:29:28.115211,1701188968.115211,0.0,20.0,0.0
803,2023-11-28 17:29:28.125221,1701188968.125221,0.0,20.0,0.0
804,2023-11-28 17:29:28.135226,1701188968.135226,0.0,20.0,0.0
805,2023-11-28 17:29:28.145215,1701188968.145215,0.0,20.0,0.0
806,2023-11-28 17:29:28.155219,1701188968.155219,0.0,20.0,0.0
807,2023-11-28 17:29:28.165220,1701188968.16522,0.0,20.0,0.0
808,2023-11-28 17:29:28.175214,1701188968.175214,0.0,20.0,0.0
809,2023-11-28 17:29:28.188973,1701188968.188973,0.0,20.0,0.0
810,2023-11-28 17:29:28.197845,1701188968.197845,0.0,20.0,0.0
811,2023-11-28 17:29:28.206592,1701188968.206592,0.0,20.0,0.0
812,2023-11-28 17:29:28.216634,1701188968.216634,0.0,20.0,0.0
813,2023-11-28 17:29:28.228222,1701188968.228222,0.0,20.0,0.0
814,2023-11-28 17:29:28.239486,1701188968.239486,0.0,20.0,0.0
815,2023-11-28 17:29:28.251112,1701188968.251112,0.0,20.0,0.0
816,2023-11-28 17:29:28.262444,1701188968.262444,0.0,20.0,0.0
817,2023-11-28 17:29:28.273486,1701188968.273486,0.0,20.0,0.0
818,2023-11-28 17:29:28.285147,1701188968.285147,0.0,20.0,0.0
819,2023-11-28 17:29:28.296597,1701188968.296597,0.0,20.0,0.0
820,2023-11-28 17:29:28.307927,1701188968.307927,0.0,20.0,0.0
821,2023-11-28 17:29:28.317952,1701188968.317952,0.0,20.0,0.0
822,2023-11-28 17:29:28.329187,1701188968.329187,0.0,20.0,0.0
823,2023-11-28 17:29:28.340541,1701188968.340541,0.0,20.0,0.0
824,2023-11-28 17:29:28.349061,1701188968.349061,0.0,20.0,0.0
825,2023-11-28 17:29:28.357223,1701188968.357223,0.0,20.0,0.0
826,2023-11-28 17:29:28.365048,1701188968.365048,0.0,20.0,0.0
827,2023-11-28 17:29:28.374015,1701188968.374015,0.0,20.0,0.0
828,2023-11-28 17:29:28.382239,1701188968.382239,0.0,20.0,0.0
829,2023-11-28 17:29:28.391576,1701188968.391576,0.0,20.0,0.0
830,2023-11-28 17:29:28.402596,1701188968.402596,0.0,20.0,0.0
831,2023-11-28 17:29:28.414255,1701188968.414255,0.0,20.0,0.0
832,2023-11-28 17:29:28.424028,1701188968.424028,0.0,20.0,0.0
833,2023-11-28 17:29:28.433890,1701188968.43389,0.0,20.0,0.0
834,2023-11-28 17:29:28.445401,1701188968.445401,0.0,20.0,0.0
835,2023-11-28 17:29:28.455167,1701188968.455167,0.0,20.0,0.0
836,2023-11-28 17:29:28.463081,1701188968.463081,0.0,20.0,0.0
837,2023-11-28 17:29:28.472357,1701188968.472357,0.0,20.0,0.0
838,2023-11-28 17:29:28.480330,1701188968.48033,0.0,20.0,0.0
839,2023-11-28 17:29:28.488923,1701188968.488923,0.0,20.0,0.0
840,2023-11-28 17:29:28.498012,1701188968.498012,0.0,20.0,0.0
841,2023-11-28 17:29:28.507270,1701188968.50727,0.0,20.0,0.0
842,2023-11-28 17:29:28.515796,1701188968.515796,0.0,20.0,0.0
843,2023-11-28 17:29:28.525406,1701188968.525406,0.0,20.0,0.0
844,2023-11-28 17:29:28.535338,1701188968.535338,0.0,20.0,0.0
845,2023-11-28 17:29:28.546618,1701188968.546618,0.0,20.0,0.0
846,2023-11-28 17:29:28.558199,1701188968.558199,0.0,20.0,0.0
847,2023-11-28 17:29:28.569525,1701188968.569525,0.0,20.0,0.0
848,2023-11-28 17:29:28.580921,1701188968.580921,0.0,20.0,0.0
849,2023-11-28 17:29:28.592898,1701188968.592898,0.0,20.0,0.0
